-6.5132	0.90039	3.2311	13.898	8.29	0.39925	0.61984	1.5525
-2.8555	0.72918	-2.2095	-6.7479	-12.849	1.0187	0.66362	0.65145
1.7561	2.4666	-15.728	-10.269	10.935	1.1009	0.72289	0.65663
2.0833	0.53614	-5.0473	36.612	6.3127	1.5167	1.0551	0.69565
4.026	2.0207	24.644	51.991	19.563	0.58791	0.71632	1.2184
-2.0538	-0.013465	0.1243	-65.069	-15.956	1.6916	1.2107	0.71572
-0.169	2.1229	23.599	28.552	-16.328	1.6685	1.7558	1.0523
-3.0712	1.4338	3.8118	0.41626	-7.6637	0.89735	1.5722	1.752
4.1382	2.7948	-8.32	-2.8164	-23.372	-0.42066	-0.78756	1.8722
-0.51248	1.3946	-0.54069	-20.196	-22.748	-1	0.66813	-0.66813
4.1382	2.7948	-8.32	-2.8164	-23.372	1.7719	1.1168	0.63027
3.76	0.22367	-0.40881	9.5495	34.812	0.4802	0.56975	1.1865
3.035	1.6866	-18.851	10.641	-10.313	2.1753	1.1514	0.52933
1.1593	-0.032333	1.1431	14.227	-6.7865	0.83886	0.96854	1.1546
-4.5091	1.9447	6.0646	15.877	-9.3458	1.4294	1.4324	1.0021
-2.588	1.2618	22.109	13.926	16.306	1.087	1.5526	1.4284
1.3642	2.9607	-17.241	-0.11236	-12.568	0.50182	0.66147	1.3182
-3.3005	0.27023	-3.9573	15.025	6.5968	1.1667	0.85073	0.72919
1.8806	0.96805	26.545	15.192	17.153	1.8137	1.4564	0.80299
1.6705	1.4647	2.2495	15.519	51.472	0.56849	0.79378	1.3963
-0.69464	0.017572	-1.8673	-18.095	-2.9895	0.78313	0.65327	0.83417
1.0566	1.4187	2.0244	35.114	19.594	2.3231	1.4071	0.60571
3.096	2.174	14.795	54.957	62.405	0.5596	0.82792	1.4795
1.7682	1.196	0.44924	-31.573	-11.474	0.79882	0.72338	0.90556
-3.2806	1.3719	6.8859	6.7058	33.959	0.93333	0.68062	0.72924
-3.2988	0.35609	7.3003	-20.597	-19.644	1.4127	0.9506	0.6729
2.2459	1.5053	-15.089	-14.441	17.523	1.6573	1.5723	0.9487
-3.9993	1.9121	-7.9605	21.228	-40.35	0.65085	1.0059	1.5455
-2.754	0.57677	8.6204	76.113	-13.457	0.54167	0.5543	1.0233
1.1181	0.81208	20.679	47.172	-13.141	2.7692	1.5494	0.55952
0.29197	1.6389	9.613	-34.326	-19.677	0.74306	1.1175	1.5039
-5.345	1.0397	-8.216	-7.563	-0.64491	0.29907	0.35044	1.1718
0.41979	2.4807	-6.8219	58.709	3.6621	4.7656	1.4878	0.3122
-0.69466	2.1175	-13.471	-25.755	-7.7282	0.86885	1.2276	1.4129
-4.4359	1.2395	-3.8459	53.292	-0.026884	0.92075	1.1647	1.2649
3.6893	0.26217	3.8795	-12.441	-5.4974	0.42623	0.52393	1.2292
1.7601	1.2704	-7.9397	27.163	9.8285	2.1346	1.041	0.48769
4.7746	0.12425	6.2752	10.528	-21.308	0.46396	0.4545	0.97959
0.48978	0.34293	8.5591	-1.9252	12.504	2.835	1.2353	0.43575
-1.3298	2.2116	11.863	7.7968	-10.454	0.90753	1.0134	1.1166
3.1613	2.244	-10.857	4.2288	-11.497	1.1547	1.1696	1.0129
-3.0804	0.71294	24.091	-60.806	18.02	1.1667	1.3071	1.1204
-6.3561	0.92658	-5.5332	-47.025	58.59	0.31092	0.43275	1.3918
3.7494	0.96706	3.2682	-68.229	8.5228	1.2523	0.53282	0.42549
-3.4523	1.9933	11.503	-39.722	-20.059	1.3453	0.72904	0.54191
0.71045	0.15751	8.8032	-62.156	21.95	1.2567	0.99366	0.7907
-1.6438	1.6152	7.7368	-4.184	15.251	0.70213	0.74788	1.0652
0.024542	1.6054	-3.1973	-16.53	-7.6918	1.3333	1.0233	0.76744
4.1702	-0.64475	4.3628	27.623	3.4871	0.77273	0.85859	1.1111
1.2715	-0.69932	3.682	11.342	27.626	0.61176	0.62509	1.0218
-0.3387	0.87979	4.1606	19.633	24.98	0.91346	0.57795	0.6327
0.7724	0.6736	-12.783	-47.08	-6.7264	2.3263	1.2656	0.54402
0.43335	0.57638	-5.1971	-40.058	34.179	0.36652	0.40806	1.1134
-0.62797	0.63758	17.761	-51.036	18.634	3.6667	1.44	0.39273
-7.7247	-0.47926	6.3406	-30.451	-7.5018	0.46128	0.67571	1.4649
3.9709	0.28504	-2.1069	-2.7796	4.783	1.1241	0.79177	0.70437
4.4859	1.7109	0.43717	34.953	-0.37289	2.3961	1.6821	0.70199
1.9358	0.22949	-0.41972	60.898	-25.684	-0.14363	-0.26533	1.8473
-0.61159	1.0611	-5.4701	87.803	19.917	-2.3019	0.52389	-0.22759
-3.4953	-0.51967	1.4878	-23.004	-1.8758	1.9508	1.0128	0.51915
-3.8737	0.59773	-1.9499	28.773	-52.632	1.0546	1.1455	1.0861
-6.893	-0.10851	13.378	-1.2526	-16.969	0.76892	0.93633	1.2177
4.0351	0.86735	4.4544	-28.984	-62.59	0.53886	0.51485	0.95545
-5.9209	0.22148	3.8083	-20.96	17.847	2.5481	1.2276	0.48176
3.5513	1.8102	-11.024	-32.82	-50.221	0.49434	0.70383	1.4238
-0.59591	0.75733	-0.36737	6.1912	4.7839	1.2595	0.77329	0.61394
0.40909	1.3535	1.08	38.419	-7.9131	1.7758	1.4293	0.80488
3.8929	2.1771	-15.894	82.76	9.9525	0.54949	0.82406	1.4997
-1.7602	0.26158	2.6591	-9.3439	-6.4083	0.91925	0.81096	0.88219
-1.839	2.3474	-18.029	21.279	-12.164	1.7162	1.336	0.77844
-0.32479	0.70576	-0.8805	-2.9091	28.141	0.27165	0.37147	1.3674
0.58527	0.85148	8.0518	-40.419	7.7596	4.0435	1.488	0.368
-0.63352	0.31964	-10.313	56.938	-32.014	0.37993	0.57492	1.5132
-0.91648	-0.78127	-3.0513	56.514	-2.7675	1.7358	0.98527	0.5676
2.484	3.2952	-5.9503	-13.73	-17.397	1.7337	1.6789	0.96842
0.24671	1.6048	13.299	27.691	-38.245	0.84639	1.326	1.5666
-0.10306	2.4387	-4.2152	2.0257	13.011	1.1593	1.3958	1.204
-3.8243	1.6014	19.233	-19.135	9.7722	0.48562	0.71868	1.4799
-0.73567	0.47327	5.6633	43.575	-15.872	0.90789	0.62692	0.69052
6.585	2.7105	-23.365	18.376	-9.6204	1.2754	0.84922	0.66586
0.52511	0.17493	-4.516	26.656	-8.3763	0.76136	0.63582	0.83511
5.0791	2.7473	-7.8319	39.534	-23.271	2.791	1.5949	0.57143
-9.139	0.94873	-0.50277	6.3302	-1.0208	0.39572	0.69443	1.7548
1.3999	1.5001	0.037696	-1.2273	-23.647	2.1702	1.099	0.5064
-4.7751	1.3305	15.303	18.666	15.032	0.52451	0.61939	1.1809
-1.1337	0.87447	2.6699	5.9775	15.823	1.7944	1.1066	0.61671
-4.3712	1.8349	18.257	-9.715	18.958	1.5573	1.5314	0.98335
2.3669	1.6901	-0.67721	42.183	39.131	0.97324	1.3079	1.3438
0.55062	0.74763	-16.791	61.924	14.378	1.0275	1.3341	1.2984
2.8161	1.7921	17.545	35.674	15.204	-0.67698	-1.2478	1.8432
3.7203	0.61227	5.9281	52.837	-65.246	-1	1.0019	-1.0019
2.8161	1.7921	17.545	35.674	15.204	0.94924	0.93676	0.98685
1.4782	-0.63786	5.1613	0.17972	-26.835	0.49198	0.51977	1.0565
1.2818	2.3595	17.277	40.271	-30.454	1.1087	0.58369	0.52647
-2.8793	0.66429	8.2209	8.8311	-8.2563	1.098	0.67116	0.61124
2.6229	1.3031	2.673	-18.415	-39.818	0.83036	0.6436	0.77509
0.55514	0.93808	30.476	0.25703	-50.69	1.7849	1.2881	0.72163
1.4639	0.52048	-0.97666	3.537	16.652	0.74699	0.73373	0.98225
2.6118	2.7478	-3.1772	12.42	7.3452	1.1774	1.1429	0.97065
3.6985	0.84747	0.84066	15.908	-1.8748	1.0822	1.2729	1.1762
5.16	2.2299	11.496	13.473	-6.1583	1.0316	1.2256	1.188
-2.5459	-0.29054	-1.0273	-56.807	-1.2067	0.74233	0.89381	1.2041
2.3031	2.216	1.1768	17.14	-10.778	2.3306	1.8005	0.77255
4.0382	0.80689	6.26	13.644	-4.5409	-0.28014	-0.58464	2.087
-1.7975	0.11929	-2.686	-31.155	-2.3265	-1.0886	0.56072	-0.51508
0.38313	0.4743	12.461	-1.1355	-9.0604	2.6279	1.3604	0.51768
3.2086	1.2424	-4.8511	12.965	11.158	0.23894	0.34923	1.4616
3.5619	1.7592	9.1484	27.45	0.2938	3.0556	1.0611	0.34727
-0.26903	0.443	9.062	-23.997	22.71	0.82424	0.894	1.0846
-4.7855	-0.68856	-3.0889	-67.81	5.3069	2.0441	1.6186	0.79185
6.0984	1.7651	5.1388	-16.391	-11.196	0.58273	1.0335	1.7735
-1.3761	0.12735	-3.8287	46.796	3.7799	0.55556	0.50597	0.91075
0.74012	-0.26459	-0.83777	86.684	6.146	0.67778	0.41638	0.61433
-0.71239	0.31544	20.348	-26.868	-9.2945	2.3279	1.0441	0.44853
2.7023	0.5831	5.1687	-2.4128	36.869	0.97183	0.94198	0.96928
1.0511	2.1784	-1.6209	-6.7933	20.803	0.76087	0.7554	0.99281
3.0654	0.79905	6.9026	-8.88	-7.2127	1.8476	1.3265	0.71795
3.1435	2.2083	1.0305	-20.307	21.897	0.91237	1.3246	1.4518
0.023583	0.39212	2.7417	-11.516	-0.97376	0.58757	0.82295	1.4006
0.99265	1.7013	10.712	-20.469	-19.198	1.4904	1.1524	0.77323
-0.6851	0.71403	-14.513	31.066	7.0565	0.89032	0.9575	1.0755
-6.6322	-1.2712	-3.414	22.066	11.673	0.92754	0.89903	0.96927
-0.93287	0.46313	2.809	22.093	-25.664	1.1719	1.0426	0.88966
-1.2045	1.3325	21.258	10.776	-66.653	1.6333	1.5182	0.92951
0.28626	-0.40286	-3.8175	-63.292	15.715	0.67755	0.97504	1.4391
1.7871	-0.41265	0.40421	36.881	23.516	0.59639	0.61682	1.0343
0.45874	0.66571	7.5082	-59.6	-20.481	0.75758	0.47809	0.63108
1.4946	0.56903	5.396	58.199	-11.989	2.44	1.1411	0.46765
-0.36318	-0.42781	-4.478	38.246	3.3751	0.6612	0.76461	1.1564
3.514	1.5421	11.06	-4.7574	-33.762	1.4793	1.0873	0.735
-3.0029	0.9131	6.1859	5.2233	-3.638	0.63687	0.71194	1.1179
0.79479	1.6794	24.156	1.7066	14.519	0.92982	0.74256	0.7986
1.4453	0.060122	-1.1922	-20.148	15.953	1.7547	1.3998	0.79774
-0.82179	1.9156	19.782	-34.47	-7.5506	1.5323	1.8255	1.1914
-3.1202	-0.22271	19.591	0.61791	-23.046	0.92281	1.4642	1.5866
1.686	1.2629	-1.1501	-15.917	28.323	-0.40684	-0.74629	1.8344
1.0464	1.2255	3.8976	-33.998	-20.551	-1.0748	0.69121	-0.64313
2.0783	0.41562	12.796	15.661	-5.0793	1.6522	1.1326	0.68554
-1.0473	0.293	0.32334	42.291	17.733	0.47368	0.54628	1.1533
0.23863	1.4527	5.2965	16.995	24.923	2.1111	1.0842	0.51355
1.1814	-0.0083402	-8.4545	2.7921	20.944	1.1368	1.2067	1.0615
2.5099	0.74189	4.6371	-31.931	-16.868	0.87037	1.1266	1.2944
3.266	2.0141	-3.7514	25.205	34.698	0.69149	0.86522	1.2512
1.5423	0.24996	-0.77275	-18.021	12.66	1.2692	0.89552	0.70556
1.612	1.7635	1.5579	13.482	-1.251	1.7636	1.5945	0.90411
5.6675	1.411	10.602	10.116	-22.397	-0.35052	-0.69863	1.9932
0.069371	-0.0072154	1.5998	58.439	9.1415	-1	0.56198	-0.56198
5.6675	1.411	10.602	10.116	-22.397	1.6863	0.95955	0.56904
-0.11421	0.011297	-1.6483	47.676	16.621	0.5814	0.60698	1.044
7.3451	2.8799	-3.431	-29.098	11.382	1.25	0.79681	0.63745
-0.54358	-0.42318	-1.6017	20.763	-4.7456	1.288	1.0016	0.7776
0.16922	1.7671	5.1277	-5.1706	-13.391	1.6957	1.5667	0.92396
2.7949	1.5242	-3.1176	27.773	10.619	0.72894	1.2227	1.6774
2.5705	0.24327	6.0941	-11.144	-12.978	0.94975	0.94915	0.99937
-1.9032	0.19513	6.2538	-8.912	-28.151	1.1058	1.1709	1.0588
2.2611	1.8989	7.1812	-5.0128	-0.18751	0.75598	0.89392	1.1825
-1.3465	0.63287	-2.5242	27.274	32.006	0.89873	0.78022	0.86813
1.0706	3.519	-1.8003	27.053	-27.308	1.1056	0.84409	0.76344
3.6487	-0.070089	-1.7989	26.961	8.0769	0.82166	0.70879	0.86264
4.5234	2.8324	2.344	-31.782	14.807	1.1473	0.88956	0.77536
0.72799	0.57614	0.49671	-21.191	2.2317	0.91216	0.85241	0.93449
-3.6424	2.1602	1.4513	42.063	-18.538	2.6296	1.9819	0.75366
-0.5302	-0.21433	-8.7642	-2.8859	21.749	-0.49296	-1.3346	2.7073
0.40436	0.64949	-2.5729	10.882	24.76	-1	1.1006	-1.1006
-0.5302	-0.21433	-8.7642	-2.8859	21.749	1.1771	1.2335	1.0479
3.1454	1.4722	7.5251	-21.917	-20.981	1.3592	1.5353	1.1295
2.0928	2.2804	-7.8611	-14.403	35.473	1.0393	1.4362	1.3819
-0.50056	2.5025	10.094	36.832	-13.732	0.61168	0.86251	1.4101
-1.8314	-0.81053	-9.7386	2.9516	20.897	1.3483	1.0934	0.81093
-4.6702	-0.66425	3.5398	3.2668	1.8938	0.77083	0.93317	1.2106
4.9155	1.1764	5.381	0.97087	-15.885	1.1568	0.86684	0.74937
-3.3769	1.3219	-5.954	-18.783	-1.0348	0.75701	0.73804	0.97494
0.90578	0.24911	0.37113	28.548	-26.188	1.1049	0.82822	0.74957
2.8808	1.9852	1.5106	-21.407	3.0385	1.5922	1.3149	0.82584
2.0475	1.7329	14.812	28.741	-35.038	0.70877	0.98237	1.386
-2.4778	-0.35514	1.0609	-85.831	3.2021	0.84158	0.83079	0.98717
3.5713	0.17033	-7.005	33.899	-2.2059	1.1	0.94444	0.85859
3.1357	2.0874	-5.2219	16.192	40.978	0.89305	0.85313	0.9553
-0.49643	0.015986	-6.3381	-6.5171	2.5915	0.79042	0.71159	0.90027
4.5727	1.8669	-0.35017	17.211	-15.697	0.88636	0.65045	0.73384
-1.8222	1.0491	11.129	-32.202	18.295	1.6239	1.0483	0.64552
0.89175	1.1814	16.852	77.019	-8.4207	1.5158	1.5857	1.0461
3.4475	3.1128	-4.5161	-9.1724	29.22	0.57986	0.94217	1.6248
-3.2999	-0.26913	-0.56712	-4.9574	-14.383	0.68263	0.6696	0.98091
0.79095	1.9202	-8.4618	67.607	-9.6357	1.4561	0.99031	0.68009
-1.143	0.64877	4.4107	-28.502	-7.0658	0.66867	0.69105	1.0335
2.8208	3.0063	1.8593	0.75381	24.429	2.4865	1.5451	0.62141
5.414	1.07	2.9223	-5.2706	-2.4772	1.0688	1.4686	1.374
2.0306	1.2218	14.509	-4.6927	-1.0307	0.97627	1.3513	1.3842
0.27608	2.9103	-6.3034	-6.676	-0.46758	0.53472	0.78421	1.4666
-3.7531	1.0293	-1.122	-30.736	6.5133	0.91558	0.7301	0.79741
1.6177	1.7907	5.4241	12.802	38.013	2.2695	1.462	0.6442
-4.7941	-1.6022	6.2322	6.8385	6.9476	-0.25312	-0.43085	1.7021
-0.81995	0.8801	0.66358	-6.0172	14.658	-1	0.36776	-0.36776
-4.7941	-1.6022	6.2322	6.8385	6.9476	3.5556	1.2988	0.36528
-1.6641	-0.031553	11.697	23.75	-14.091	0.93403	1.2311	1.3181
-0.84086	0.22321	12.916	-29.398	11.557	1	1.2447	1.2447
1.1517	2.317	10.069	19.329	-21.619	1.0223	1.1892	1.1632
0.33645	2.9156	3.6916	23.507	-3.0655	1.1636	1.2617	1.0843
-0.30905	-0.80437	-2.8202	-4.6827	-29.341	-0.1	-0.15265	1.5265
