1.0056	0.64178	1.0777	1.1927	0.88293	0.97741	1.0551	1.0795
0.96821	1.4302	0.95967	0.72683	0.52574	0.92647	0.98741	1.0658
1.1472	0.41372	1.033	1.2728	1.3033	1.1859	1.1404	0.96157
0.92892	0.67365	1.0232	0.81039	0.29887	0.91587	1.0265	1.1208
0.99611	1.1293	0.96687	0.96373	1.1284	0.91441	0.94959	1.0385
1.0306	1.8301	0.9804	0.62611	0.51057	1.0959	1.0289	0.93891
0.96623	0.074512	1.0216	1.0994	1.0762	1.0063	1.015	1.0087
0.94828	0.95058	0.96202	1.0854	1.0812	0.92547	0.9493	1.0257
1.0906	1.7559	0.98581	1.0435	1.9973	1.0917	1.0331	0.94628
0.91828	1.1002	0.98972	1.1791	1.1955	0.98975	1.0113	1.0217
0.89354	0.79023	0.89879	1.0283	0.62566	0.89855	0.93033	1.0354
1.0788	1.4444	0.96543	1.0329	0.56307	1.076	1.0043	0.93333
0.88287	0.10532	0.95332	0.93438	0.68443	1.0278	1.0207	0.99309
0.83451	0.50064	0.8401	0.49819	0.033111	0.91667	0.94573	1.0317
1.0129	1.2027	0.93547	0.87001	0.84105	1.1023	1.0419	0.94522
0.87221	1.0289	0.94419	1.0427	0.86029	0.99588	1.0277	1.0319
0.94467	0.68459	0.89399	1.0582	0.81678	0.96066	0.99358	1.0343
0.95145	0.53156	0.90991	0.74797	0.51039	1.056	1.0473	0.99172
0.88945	1.1027	0.94539	1.2465	1.0319	0.97755	1.0116	1.0348
0.8772	1.3181	0.85032	0.75322	0.76356	0.86848	0.89055	1.0254
0.95618	1.1423	0.89083	0.94451	0.57017	1.1106	0.99382	0.89486
0.80036	0.96973	0.88927	0.77509	0.64372	0.96537	0.95785	0.99221
0.85843	0.21224	0.81357	0.66986	-0.056138	0.91928	0.89863	0.97753
0.91162	1.1337	0.86723	0.45266	0.012682	1.0439	0.95243	0.91238
0.83309	0.3901	0.89638	0.90321	0.99228	1.0397	0.99553	0.95749
0.78233	0.21695	0.81036	0.53036	0.22833	0.8764	0.89758	1.0242
0.94779	-0.00097875	0.85202	0.61452	0.29183	1.0282	0.94408	0.91819
0.90648	-0.25944	0.92018	1.0392	1.1611	1.0873	1.0205	0.93856
0.82174	0.96325	0.84598	0.89054	1.119	0.92661	0.9619	1.0381
0.91715	0.73815	0.85297	0.72147	0.49324	0.95792	0.9379	0.9791
0.85428	0.071287	0.87736	0.64595	0.49644	1.1757	1.0879	0.92528
0.79551	0.24011	0.85457	0.71896	0.43816	0.93626	1.0191	1.0885
0.92554	0.36156	0.85766	0.61997	0.056026	0.95305	0.98275	1.0312
0.80098	0.83873	0.87369	0.62197	0.63427	1.1478	1.1026	0.96066
0.74398	0.2937	0.81398	0.41604	0.33553	0.90773	0.99442	1.0955
0.93774	0.16835	0.88064	0.42565	0.1934	0.95272	0.95668	1.0042
0.84309	1.0228	0.89806	0.62671	0.76243	1.0819	1.0253	0.94768
0.829	0.88497	0.89718	0.80356	0.56611	0.94266	0.95972	1.0181
0.99115	0.53175	0.92161	0.94201	1.1017	0.94647	0.92619	0.97857
0.96471	0.68051	0.96674	0.6192	0.86754	1.1491	1.0577	0.92044
0.92739	0.89529	0.98442	1.0905	1.1794	1.0201	1.0632	1.0423
0.98303	1.8781	0.94424	0.96173	0.89084	0.91228	0.98432	1.079
1.0378	-0.1974	0.98999	0.98239	0.34104	1.0793	1.0543	0.97681
0.9338	0.67149	1.0124	0.97159	0.81692	0.97327	1.016	1.0439
1.0668	-0.041522	0.98682	1.0703	0.44356	0.94966	0.97076	1.0222
0.98822	0.36923	0.99203	0.48582	0.17029	1.0675	1.0267	0.96176
0.92946	-0.00042457	0.9821	0.76187	0.21732	1.0045	1.0148	1.0103
0.96249	1.7499	0.94586	0.5715	0.11242	0.90562	0.93072	1.0277
1.077	0.26351	1.0461	0.54697	0.86583	1.1141	1.0391	0.9326
0.87561	1.3543	0.99106	0.63755	0.55676	0.97105	1.0032	1.0331
1.0246	0.79274	0.97106	0.54904	0.29783	0.90826	0.92523	1.0187
1.136	0.7557	1.0516	0.99203	1.2726	0.94444	0.89021	0.94258
1.062	0.18321	1.0263	0.94608	0.32995	0.95187	0.86251	0.90612
1.0949	1.4146	1.0093	0.7606	0.25144	1.0225	0.90351	0.88365
0.90983	0.90272	0.96426	0.15717	0.14217	0.98901	0.91778	0.92798
1.1017	0.19788	1.0113	0.47787	0.83474	0.94722	0.88687	0.93628
1.1215	1.4064	1.0722	1.0652	1.3113	1.0792	0.98297	0.91085
0.92788	0.82231	0.98486	0.7154	0.78118	1.0326	1.0344	1.0017
1.0232	0.61671	0.97053	0.78855	1.0356	0.97368	1.0161	1.0436
1.0979	0.36303	0.99191	0.70434	0.55374	1.1	1.1052	1.0048
0.89475	0.54013	0.95248	0.70401	1.0049	1.1744	1.2464	1.0613
0.93836	-0.19039	0.91172	0.78755	0.39347	0.95607	1.1566	1.2097
0.97855	1.3516	0.9428	0.58145	0.5691	1.0284	1.1495	1.1177
0.87441	0.6148	0.95311	0.81494	0.65706	0.98511	1.0917	1.1082
0.83938	1.6217	0.86736	0.72381	0.23993	0.93089	0.99769	1.0718
0.94345	1.4205	0.91876	0.5721	0.64999	1.007	0.98917	0.98234
0.8216	0.67816	0.9052	0.52075	0.415	1.0553	1.0183	0.96498
0.88957	-0.079913	0.89145	0.85474	0.5455	0.91048	0.92461	1.0155
1.022	0.46047	0.93395	0.73375	0.57744	1.024	0.96036	0.93787
0.93648	0.27598	0.98059	1.1175	0.92562	1.0422	1.0042	0.96361
0.8149	0.22139	0.88445	0.65579	0.043925	0.91461	0.93509	1.0224
1.005	1.2858	0.93694	0.79632	0.42026	1.0319	0.97703	0.94679
0.92267	-0.19216	0.94852	0.71541	0.39038	1.2	1.1481	0.95672
0.87429	0.0068539	0.93084	0.89961	0.17774	0.84722	0.97461	1.1504
1.0696	-0.10694	0.95447	0.91496	0.27318	0.9555	0.94472	0.98871
0.90656	0.63828	0.95256	0.56577	0.28241	1.2402	1.1422	0.92099
0.85306	1.376	0.95042	0.89566	0.51642	0.83992	0.95991	1.1429
1.105	0.37373	0.93619	1.2206	-0.44071	0.91294	0.89067	0.97561
0.96412	-0.43996	0.99393	0.80828	0.45591	0.93557	0.84394	0.90206
0.99716	0.3082	0.96847	0.68309	0.16056	0.96143	0.82849	0.86172
1.1327	-0.15778	1.024	0.79933	0.46618	1.0344	0.89495	0.8652
0.83852	2.1637	0.89904	0.41173	1.0492	1.0416	0.9471	0.90932
0.99308	0.55617	0.9201	0.38285	0.51743	0.96543	0.9275	0.96072
1.0559	0.15269	0.90787	0.078387	0.7679	1.0551	1.0186	0.96543
0.98145	0.071199	0.97571	0.79969	1.1224	1.0418	1.0704	1.0275
1.0346	0.77608	0.93993	0.77799	1.0166	0.98246	1.0502	1.069
1.0191	0.075947	0.94477	0.55371	-0.059927	1.2628	1.27	1.0058
0.88169	1.2098	0.93992	0.99281	0.94767	1.0061	1.2195	1.2121
1.049	1.4185	0.95024	0.86666	0.70999	0.96787	1.1381	1.1759
0.9523	1.0797	0.98196	1.179	0.77261	1.0228	1.1252	1.1001
0.88936	1.1453	0.9001	0.75158	0.52185	0.88235	0.97288	1.1026
1.0392	1.2982	0.96342	0.78396	0.19281	1.0207	0.97636	0.95657
0.93505	0.34328	0.97992	0.87761	0.40414	1.0518	1.0081	0.95845
0.92701	0.47775	0.95916	0.99619	0.30702	0.89936	0.89984	1.0005
1.0399	0.10388	0.96456	0.67845	-0.23536	0.93095	0.86171	0.92562
0.98975	1.2064	1.0028	0.47805	-0.0029125	1.0691	0.94197	0.88113
0.91598	0.079068	0.96134	0.62512	0.48584	1.0718	1.0193	0.95108
0.99246	1.2173	0.9745	0.77767	0.056854	0.93973	0.97793	1.0407
1.0036	0.8396	0.95492	0.48251	0.8309	1.057	1.0307	0.9751
0.88285	0.75986	0.97661	0.68709	0.55946	1.0292	1.0565	1.0265
1.0126	0.92914	0.97671	1.268	1.1228	0.80349	0.87385	1.0876
1.0466	0.36295	0.97704	0.8773	0.4633	0.99457	0.88326	0.88808
0.87977	1.1111	0.94673	0.7514	0.087996	1.0027	0.89213	0.8897
1.0095	0.28201	0.9472	0.39047	0.14585	1.0354	0.93452	0.90255
0.96811	0.76597	0.9826	0.83285	0.99777	1.3842	1.2633	0.91264
0.87953	1.3251	0.96757	0.90394	0.97401	0.88973	1.1083	1.2457
1.0738	0.025822	0.97696	0.96195	0.44924	1.0278	1.1271	1.0967
0.86459	-0.038039	0.93544	0.73432	0.083391	0.99376	1.1136	1.1206
0.88825	0.13704	0.87438	0.5611	-0.31116	0.93305	1.0159	1.0888
0.90275	1.3413	0.90693	0.72554	0.24709	1.0561	1.0417	0.98645
0.79449	1.1063	0.88686	0.77204	0.6393	1.017	1.0276	1.0105
0.96275	0.37629	0.89823	0.91296	0.48929	0.88727	0.9009	1.0154
0.95423	0.59565	0.92901	0.80878	0.57352	1.1553	1.0505	0.90933
0.80862	1.3559	0.9143	0.98351	1.0347	0.95112	0.99946	1.0508
0.89906	-0.21833	0.86773	0.77667	0.18806	0.88651	0.90221	1.0177
0.9979	-0.23191	0.92542	0.76289	0.44327	1.0604	0.96696	0.91189
0.86332	-0.20074	0.92917	0.92234	0.69052	1.0683	1.0265	0.96088
0.87743	-0.13853	0.89575	1.0663	0.84254	0.91684	0.95185	1.0382
0.9871	-0.12915	0.89497	0.7966	0.23811	0.97209	0.94118	0.9682
0.85274	1.0206	0.91952	0.97355	1.4004	1.1244	1.045	0.92941
0.82847	0.56025	0.86508	0.87762	0.56559	0.81064	0.87385	1.078
1.0095	0.74649	0.92049	0.87473	0.16919	1	0.89594	0.89594
0.83524	0.82253	0.87034	0.55439	0.48723	1.0394	0.93617	0.90071
0.8938	1.4365	0.85994	0.55439	0.87541	1.0581	0.99643	0.94174
0.93157	1.3356	0.91964	0.59803	1.2695	1.2959	1.2635	0.97499
0.77453	1.512	0.88411	0.8067	0.43887	0.92818	1.1481	1.2369
0.9623	0.51737	0.90191	0.69386	0.1677	0.90873	1.0315	1.1351
0.88081	0.48002	0.93046	0.73396	0.045358	1.048	1.078	1.0286
0.88148	0.56649	0.9274	0.83141	0.33452	0.94792	1.0011	1.0561
1.0159	0.25031	0.92402	0.7211	0.18606	0.96044	0.94691	0.98592
0.89382	0.39472	0.95663	0.7891	0.18947	1.0755	0.99841	0.92831
0.82684	1.0264	0.94314	0.86614	0.078425	0.91277	0.9089	0.99576
0.93388	0.87276	0.91883	0.65221	-0.038551	0.92541	0.87493	0.94545
0.89227	1.5671	0.95186	0.40694	0.67296	1.0655	0.95351	0.8949
0.91562	-0.35318	0.9831	0.74855	0.8901	0.98109	0.94695	0.9652
0.87338	0.60817	0.95689	0.72055	0.47204	0.95181	0.92371	0.97048
1.0973	0.69546	1.0054	0.89394	0.86405	1.0076	0.94649	0.93936
1.0961	-0.25557	1.0939	1.2647	0.80903	1.2487	1.1612	0.92991
0.93771	0.86956	1.0442	1.2131	0.8838	0.95372	1.1062	1.1599
1.0655	1.4939	1.0205	1.1485	1.0447	0.8481	0.9456	1.115
1.1815	0.44249	1.0737	0.87169	0.26755	1.1891	1.0982	0.92361
0.96531	1.5355	1.0959	1.0853	0.87505	0.95188	1.0359	1.0882
0.98486	0.67731	1.0352	1.0092	0.34711	0.84396	0.882	1.0451
1.1635	0.5688	1.0798	0.60434	-0.21202	0.95052	0.84564	0.88966
0.99262	0.43353	1.0151	0.44148	0.20328	1.011	0.86215	0.8528
1.152	0.19173	1.0384	0.94861	1.2089	0.96477	0.8675	0.89918
1.1996	0.87022	1.1166	0.92577	1.1836	1.0421	0.93333	0.8956
1.01	1.0688	1.0479	0.97663	0.97311	1.3774	1.2429	0.9024
1.0447	0.41007	0.99686	0.58258	0.49023	0.93346	1.1606	1.2433
1.0324	1.6975	1.0437	1.2986	1.2342	1.0503	1.2022	1.1446
0.92801	0.76142	0.96598	0.74245	0.46521	0.94411	1.1055	1.1709
1.1482	0.41224	1.0205	1.1246	1.1805	0.99789	1.0697	1.072
0.96008	-0.46872	1.033	0.91731	-0.016445	1.0572	1.0907	1.0317
0.90616	1.0779	0.99051	0.95449	0.79818	0.88978	0.94771	1.0651
1.0787	0.41285	1.0045	0.80043	-0.11023	0.98198	0.91477	0.93155
0.89878	1.4609	0.99919	0.98064	1.0478	1.1009	1.0153	0.92226
0.83066	1.2415	0.97785	0.8161	0.30642	0.94375	0.96434	1.0218
1.0762	1.1951	1.007	1.118	1.3265	0.93377	0.91957	0.98478
0.97331	1.5709	0.99243	1.0721	1.1766	1.0449	0.96903	0.92738
0.96915	-0.10382	1.0126	1.13	0.73086	0.93439	0.92033	0.98496
1.0394	-0.12286	0.9584	0.83073	0.25819	0.954	0.90445	0.94806
0.9865	0.58674	1.0053	0.8209	0.5114	1.1777	1.0591	0.89929
0.87856	0.84514	0.98892	0.84165	0.23793	0.88147	0.94077	1.0673
0.99449	1.4384	0.93595	0.50584	-0.059193	0.90465	0.87886	0.9715
1.0135	-0.063491	0.98178	0.7416	0.31715	1.0297	0.92476	0.89806
0.98653	0.96272	0.94342	0.71313	0.89271	0.9685	0.91055	0.94016
1.0611	0.074898	0.97962	0.71898	0.81784	1.3686	1.2224	0.89319
0.89973	-0.20332	0.94977	1.0183	0.58556	0.94257	1.1306	1.1995
1.0521	0.46628	0.93865	1.0808	1.3845	0.98319	1.0877	1.1063
0.84073	1.5591	0.88812	0.83406	1.3622	1.0577	1.1402	1.078
0.93582	0.32248	0.87692	1.091	1.1417	0.92323	1.0383	1.1247
0.98511	0.90303	0.91649	0.83125	0.86064	0.99562	1.0094	1.0139
0.83576	1.5196	0.9097	1.0587	1.1431	0.98022	0.97194	0.99156
0.88151	0.70707	0.8554	0.4898	-0.1275	0.9148	0.87978	0.96173
0.94734	0.38774	0.92626	1.0327	0.57521	1.1275	1.0041	0.89059
0.77142	0.63452	0.87816	0.51126	0.10039	0.93478	0.95054	1.0169
0.86801	1.2893	0.85432	0.74975	0.52678	0.95116	0.9191	0.96629
1.0365	-0.050035	0.95314	0.74441	-0.01588	1.0269	0.96413	0.93888
0.82713	0.3745	0.92808	0.34567	0.20076	1.0786	1.0411	0.96524
0.87243	1.0365	0.9105	0.76939	0.51304	0.87196	0.92371	1.0593
1.0074	1.2557	0.94742	0.73502	0.67725	1.0076	0.94397	0.93685
0.99996	0.86956	0.98602	1.0494	1.2849	0.92462	0.88329	0.9553
0.96402	1.3046	0.90921	0.31237	0.090559	0.96467	0.8798	0.91202
1.0429	0.74317	1.015	0.73936	0.53298	1.062	0.94992	0.89449
0.87109	1.1286	0.91918	0.2994	0.21884	0.96552	0.93035	0.96358
1.1729	0.23384	1.0266	0.63674	1.182	1.0632	0.99968	0.94026
1.0343	1.0609	1.036	0.98699	1.3901	1.2687	1.253	0.98756
0.95148	0.77943	0.97281	0.96267	0.67923	0.95519	1.1692	1.2241
1.0602	1.3143	1.0034	0.88246	1.0556	1.0469	1.1896	1.1363
0.94458	0.19198	1.0036	0.96683	0.38182	0.98778	1.1348	1.1489
0.93471	0.1174	0.90676	0.95609	0.87148	0.89691	0.99457	1.1089
1.0988	0.41155	1.0069	0.98727	0.30913	0.98851	0.96847	0.97973
0.93349	0.66921	1.0019	0.90667	0.95847	1.0814	1.0183	0.94169
0.8828	-0.11577	0.9253	0.74463	0.050905	0.91613	0.92308	1.0076
1.0978	-0.34793	0.97605	0.8971	0.10704	1.0164	0.95322	0.93781
0.85585	1.0351	0.9527	0.66004	0.48766	1.037	0.99391	0.95849
0.90274	0.59915	0.94342	1.0407	0.67224	0.94655	0.95829	1.0124
1.0354	0.35163	0.94448	0.55516	0.0021325	0.97882	0.9566	0.97729
0.93202	0.20214	0.98962	0.84402	0.30343	1.1394	1.0779	0.94599
0.88739	0.03418	0.95416	0.82331	0.15543	0.91139	0.98182	1.0773
0.94592	0.81035	0.91035	0.77275	0.16476	0.94444	0.94254	0.99798
0.96194	0.1444	0.94197	0.77357	0.40131	1.0907	1.0224	0.93739
0.87444	0.42054	0.95998	0.68735	0.36412	1.0292	1.0448	1.0151
0.94426	1.1333	0.91398	0.66423	0.42371	0.90393	0.95392	1.0553
0.98849	1.046	0.98763	0.93806	0.74231	1.1908	1.1141	0.93559
0.86337	0.55329	0.94771	0.73371	0.65594	0.88235	0.9778	1.1082
0.91197	1.4074	0.89599	0.60137	0.20837	0.94253	0.93848	0.99571
1.0488	0.01577	0.96447	1.0859	1.1018	1.1049	1.0307	0.93288
0.82091	1.4996	0.94588	0.81887	0.83479	0.98896	1.0079	1.0191
0.91218	-0.06342	0.86075	0.74026	0.53679	0.91071	0.92754	1.0185
1.0728	0.79436	0.97122	1.0576	1.0054	1.1078	1.0293	0.92912
0.79863	0.79029	0.88652	0.68005	0.44245	0.98451	1.0045	1.0203
0.87446	1.2945	0.84947	0.61453	0.41801	0.91685	0.94363	1.0292
0.99761	0.18896	0.919	0.6488	0.42919	1.1103	1.0423	0.93874
0.81553	0.58577	0.91942	0.79112	0.30459	0.883	0.92299	1.0453
0.91883	0.37196	0.86582	0.37478	-0.034789	0.9425	0.88941	0.94367
1.0382	1.5304	0.95832	0.72549	1.0067	0.97878	0.8913	0.91063
0.97001	0.48099	0.91657	0.53139	0.28105	0.96206	0.87143	0.9058
1.0781	0.57336	0.97162	0.74527	0.2831	1.0254	0.91832	0.89562
0.89694	1.411	0.94987	0.53421	0.35165	0.97527	0.92178	0.94515
0.93534	0.93764	0.92853	0.54731	0.4675	1.0169	0.95188	0.93606
0.94902	0.78639	0.92624	0.80797	1.2412	0.99723	0.97926	0.98198
0.97668	-0.020819	0.92423	0.63649	0.33704	1.0111	1.0024	0.99139
0.94356	0.92961	0.96472	0.84804	0.64385	1.3901	1.3342	0.95979
0.77449	1.4821	0.87155	0.69448	0.78277	0.90316	1.171	1.2966
1.0407	-0.038165	0.93731	0.82287	-0.10688	1.0263	1.1595	1.1298
0.89245	0.33895	0.94949	0.8429	0.4096	1.0576	1.1781	1.114
0.9193	0.0162	0.91702	0.96929	0.61412	0.91331	1.0456	1.1448
1.1087	-0.33654	0.98939	0.95266	-0.17642	1.0574	1.0692	1.0112
0.92552	1.0607	0.99633	1.2387	1.036	1.0397	1.0704	1.0296
0.93577	1.1905	0.94602	1.0539	0.78698	0.88956	0.93239	1.0481
1.1165	-0.016047	1.0004	1.0444	0.35933	1.0181	0.96316	0.94608
0.85931	0.67793	0.96344	0.76928	0.62136	1.0155	0.97785	0.9629
0.84959	1.4619	0.90572	0.81567	0.59702	0.91921	0.91052	0.99054
1.0465	-0.061598	0.98474	0.67684	0.45416	1.0618	0.97973	0.92274
0.8712	0.19407	0.9526	0.76745	0.2677	1.0716	1.0424	0.9728
0.91763	0.0070595	0.90073	0.78479	0.22191	0.91858	0.96783	1.0536
1.0643	0.8485	1.0023	1.0041	0.1304	1.0341	1.0128	0.97941
0.85998	1.332	0.94415	0.87709	1.0425	1.0527	1.0556	1.0028
0.90629	0.13275	0.88674	0.80476	0.41007	0.92902	0.98234	1.0574
1.0226	0.80807	0.93742	0.71956	0.45398	1.0247	1.0072	0.98288
0.84619	1.1077	0.94191	0.87446	0.44721	1.0724	1.0602	0.98862
0.91459	0.38642	0.86526	0.6435	-0.012903	0.8773	0.93464	1.0654
0.85457	0.50374	0.90994	0.51442	-0.18686	1.0956	1.0265	0.93694
0.85949	-0.015242	0.92178	0.91129	0.54646	0.98298	1.003	1.0204
0.9253	1.1661	0.87466	0.88292	0.2885	0.91342	0.92442	1.012
0.95512	0.6342	0.90728	0.61621	0.29263	1.064	0.99172	0.93208
0.80667	0.72311	0.90403	0.67357	0.23324	0.94655	0.94392	0.99722
0.92175	0.82867	0.88256	0.82588	0.14175	0.85647	0.82963	0.96866
1.0395	1.1272	0.94624	0.48011	0.35212	0.98626	0.8497	0.86154
0.97969	0.39358	0.96265	1.051	0.77218	1.0251	0.88701	0.86532
0.90996	1.1678	0.88643	0.63575	0.65415	0.97011	0.89083	0.91828
1.0049	1.3555	0.94397	0.69753	0.57711	1.1653	1.0532	0.9038
0.80139	0.51927	0.89052	0.56983	1.1597	1.2644	1.2892	1.0196
0.88482	0.56066	0.85602	0.66628	-0.029742	0.91635	1.1695	1.2763
0.89897	0.041006	0.88906	0.66832	0.20893	0.99793	1.1476	1.15
0.82774	0.5876	0.89103	0.8611	-0.0065658	0.95218	1.063	1.1163
0.91866	1.778	0.89251	0.55057	0.16289	0.99782	1.0313	1.0336
0.87005	1.027	0.90624	0.97602	1.0699	1.0481	1.0481	1
0.83739	0.41427	0.84757	0.71577	0.051252	0.92484	0.94709	1.0241
0.96687	1.2672	0.90767	0.75722	0.10741	0.99774	0.93843	0.94055
0.77819	1.376	0.87793	0.7349	0.426	1.0294	0.98458	0.95645
0.87388	0.97546	0.86038	0.55637	0.042211	0.91648	0.9185	1.0022
0.95465	0.64542	0.93241	0.91433	0.53552	1.1007	1.0172	0.9241
0.81586	0.61981	0.88755	0.73446	0.53802	1.024	1.0381	1.0138
0.85927	0.74344	0.85111	0.48247	0.38267	0.90213	0.94511	1.0476
0.88816	1.2462	0.93068	0.80853	0.82679	1.0873	1.0328	0.94987
0.79705	0.65021	0.88071	0.60166	0.73123	0.99132	1.0198	1.0287
0.93309	1.2138	0.90603	0.70875	0.36709	0.92123	0.94501	1.0258
0.91163	0.57277	0.91838	0.64425	0.85901	1.1235	1.0564	0.94026
0.86829	0.66221	0.93564	0.82843	0.69068	0.97674	1.019	1.0433
0.99159	0.27364	0.92841	0.98471	0.38484	0.91126	0.93842	1.0298
0.87271	1.6131	0.92519	0.5905	0.51098	1.0261	0.97325	0.94847
0.85201	1.4782	0.91926	0.99211	1.3234	0.90046	0.8851	0.98294
1.0217	1.4476	0.9464	0.76977	0.55526	0.91517	0.83495	0.91234
0.97778	0.31541	0.96959	0.33971	-0.08488	1.0393	0.89049	0.8568
0.9299	0.02468	0.95271	0.52727	0.69936	0.99459	0.90003	0.90492
0.99287	0.58974	0.9234	0.39949	0.060352	1.0543	0.97426	0.92404
0.9844	1.3931	1.0019	0.89881	1.3476	1.3943	1.3256	0.95069
0.91845	0.26135	0.99856	1.0029	0.54535	0.90758	1.1778	1.2978
1.0774	0.39482	0.9759	0.86401	1.1459	0.98574	1.1432	1.1597
0.86308	1.5552	0.98082	0.89307	0.99543	1.0165	1.1278	1.1095
0.90198	0.75271	0.89657	0.5979	0.58488	0.89634	0.98685	1.101
1.1095	0.27285	1.0034	0.96231	0.17342	1.0998	1.0515	0.9561
0.89231	0.95313	0.97477	0.97576	0.78409	0.96907	0.99156	1.0232
0.95982	0.67542	0.92363	0.89007	0.24745	0.91277	0.89538	0.98095
1.0273	1.8074	0.95731	0.86168	1.1896	1.0466	0.96017	0.9174
0.90482	1.0676	0.95794	1.0935	0.97866	1.02	0.98813	0.96872
0.91432	0.95888	0.92905	1.0295	1.2445	0.92358	0.92789	1.0047
0.98489	1.2505	0.91006	0.57598	0.57171	0.95508	0.90812	0.95083
0.90895	0.945	0.95883	0.88708	0.52861	1.1089	1.005	0.90634
0.87075	0.27756	0.92546	0.9561	0.41009	0.95759	0.97778	1.0211
0.9116	0.10411	0.86138	0.46786	-0.33813	0.9324	0.93023	0.99767
0.94331	0.54085	0.9144	0.60834	0.088484	1.0675	0.9936	0.93077
0.83282	0.89454	0.89234	0.36578	0.29996	0.91569	0.92544	1.0107
0.95338	1.6053	0.90521	0.60694	0.78915	1.0818	1.0117	0.93513
0.83727	0.64486	0.90422	0.56904	0.41146	1.0686	1.0717	1.003
0.99938	-0.32458	0.89354	1.0909	0.64409	0.9469	1.0077	1.0642
0.95002	0.9213	0.92206	0.72615	0.46278	1.0607	1.067	1.0059
0.85009	1.1177	0.91115	0.89815	0.96695	0.9978	1.0572	1.0595
1.0013	0.52401	0.9158	0.89372	0.35873	0.91611	0.96428	1.0526
0.88127	0.45273	0.9164	0.83584	0.50203	1.0578	1.0165	0.96093
0.8579	0.10912	0.85257	0.62367	0.13872	0.92255	0.93399	1.0124
1.0006	0.55876	0.90042	0.59172	0.089666	1.0519	0.98157	0.93318
0.78674	0.65917	0.90026	0.37377	0.34627	1.061	1.0415	0.98157
0.84859	0.61698	0.86616	0.71514	0.1996	0.92478	0.96592	1.0445
0.97316	0.98499	0.93045	0.57301	0.40456	1	0.97607	0.97607
0.91651	0.12813	0.96945	0.86107	0.97649	1.012	0.99647	0.98469
0.87482	0.81727	0.92385	0.83163	1.0089	0.85816	0.86842	1.012
1.0514	0.46987	0.94436	0.54182	0.16435	0.97796	0.87117	0.8908
1.0516	1.1822	0.99834	0.70699	0.31826	1.031	0.90903	0.88171
0.88305	1.2686	0.93749	0.54274	0.56642	0.98361	0.91284	0.92805
1.0015	1.1725	0.95953	0.56	0.61688	1.0611	0.9906	0.93355
1.0488	1.6185	1.0251	0.841	1.6442	1.2565	1.2202	0.97108
0.96539	-0.29521	1.0209	0.90108	0.77804	0.99375	1.1903	1.1978
1.1159	0.20038	1.0098	0.67189	0.48481	0.92034	1.09	1.1844
1.0111	1.1613	1.0551	0.86347	0.59058	1.1458	1.1969	1.0446
1.0018	0.27096	1.0201	1.133	0.82293	0.9006	1.0474	1.163
1.1477	0.91245	1.0573	0.87284	-0.021452	1.0287	1.0472	1.018
1.0113	0.33957	1.0663	1.0931	0.80255	0.98283	1.0016	1.0191
1.045	0.31288	0.97439	0.73608	0.15339	0.90393	0.89756	0.99295
1.0862	1.1919	1.0467	0.90895	1.5154	1.0773	0.97593	0.90591
0.98584	-0.15074	1.024	0.82464	0.42702	0.99327	0.97846	0.98509
1.0451	1.0464	0.9785	1.0542	1.0293	0.92099	0.90894	0.98691
1.0465	1.7333	1.0024	0.82743	1.0584	1.1054	1.0195	0.92229
0.96266	0.73139	1.0126	1.2641	1.1757	0.9867	1.0082	1.0218
0.94794	0.57367	0.90941	0.81266	0.40567	0.86067	0.88863	1.0325
1.0181	0.88586	0.96936	0.52344	-0.10424	1.1201	1.0038	0.89617
0.81405	0.97832	0.93266	0.52161	0.60715	1.0256	1.0218	0.99623
0.85861	1.2092	0.90404	0.83658	0.76815	0.91136	0.94353	1.0353
1.0756	0.093165	0.97897	0.66094	0.42263	0.96259	0.92372	0.95962
0.97547	0.73241	1.0295	0.80283	1.0658	1.0337	0.95741	0.92621
0.90736	0.92946	0.91777	0.70636	0.999	0.8797	0.86827	0.98701
1.1007	0.13815	0.98415	0.71551	-0.076131	1.0171	0.90782	0.89256
1.0083	1.4753	0.99426	0.51405	0.38922	1.0224	0.9335	0.91304
0.93193	-0.049377	0.94426	0.43248	0.30905	0.99452	0.9484	0.95363
1.0764	0.20058	0.97794	0.79152	0.90242	1.0964	1.0543	0.96159
0.96813	0.11669	0.96408	0.7137	1.2686	1.1683	1.2062	1.0324
0.86894	0.56599	0.92651	0.8819	0.61603	0.96989	1.1458	1.1813
1.0393	-0.03599	0.90731	0.7242	0.51563	1.0177	1.1443	1.1243
0.86619	0.26565	0.9346	0.90165	0.8007	1.0523	1.1565	1.0991
0.8165	0.87985	0.84268	0.72451	0.86706	0.89648	1.0138	1.1308
0.96792	0.88883	0.91114	0.73221	0.42231	1.0485	1.0359	0.98802
0.84234	-0.36053	0.86274	0.66653	1.2587	0.88326	0.90519	1.0248
0.82048	-0.089712	0.79523	0.50224	0.38418	1.0399	0.93629	0.90036
0.96076	0.31705	0.88101	0.85111	0.495	0.98321	0.93501	0.95097
0.82264	0.33756	0.86173	0.66011	0.50577	1.0512	0.98853	0.94037
0.78616	-0.31098	0.8185	0.51968	0.028206	0.91879	0.92496	1.0067
0.91952	0.53111	0.86411	0.4697	0.31435	1.0126	0.95962	0.94765
0.78378	1.0431	0.84976	0.54675	0.57919	1.0723	1.0299	0.96048
0.76179	0.88573	0.81622	0.63288	0.99596	0.95814	0.99939	1.0431
0.94373	1.7121	0.87	0.60368	0.7987	0.98786	0.98547	0.99758
0.86595	0.53597	0.90619	0.88471	1.1543	1.0516	1.0329	0.9822
0.76921	1.0876	0.84575	0.66098	0.79896	0.84813	0.88862	1.0477
0.85736	1.3602	0.84098	0.21371	-0.47803	1.0055	0.91193	0.90693
0.92521	0.34794	0.88433	0.45282	0.1578	1	0.92085	0.92085
0.87787	0.27513	0.86036	0.33395	0.13795	0.96986	0.90653	0.9347
1.0685	1.1127	0.94941	0.67705	1.0551	1.065	0.98209	0.92218
0.78343	1.748	0.87001	0.3248	0.73422	1.1751	1.1425	0.97228
0.93833	0.23823	0.93838	1.0536	0.78658	1.0203	1.149	1.1262
1.0369	0.83298	0.96532	0.583	0.19153	0.9292	1.0704	1.152
0.80955	0.86427	0.89794	0.40167	-0.038655	1.0429	1.0902	1.0454
0.88614	1.211	0.88223	0.52175	0.27688	0.95662	1.0257	1.0722
1.0512	0.43678	0.97876	0.73901	0.8189	1.0263	1.0321	1.0057
0.94493	0.089057	0.94117	1.0731	0.20769	0.86279	0.88597	1.0269
0.86635	1.9177	0.88699	0.48481	0.24352	0.97844	0.8705	0.88969
1.0994	-0.56222	0.93705	0.91847	0.54753	1.0083	0.89844	0.89107
0.83662	1.2912	0.90417	0.24353	0.87209	0.93989	0.87337	0.92923
1.0771	1.2155	0.93746	0.17048	0.12778	0.96802	0.86945	0.89817
1.3136	0.4788	1.0438	0.74636	0.80874	1.0541	0.94323	0.89486
1.1612	1.1781	0.98179	0.47753	0.64007	1.114	1.0607	0.95219
1.0084	0.23026	0.98218	0.43562	0.673	0.96931	1.0462	1.0794
0.96858	1.3029	0.95581	0.34116	1.103	0.97361	1.0193	1.047
1.0082	1.0434	0.94682	0.59003	0.91169	1.0867	1.0934	1.0061
0.98494	0.77494	0.90016	0.71265	1.1438	1.0648	1.1406	1.0711
0.93049	1.3854	0.89269	0.75915	0.80166	1.1405	1.2416	1.0886
0.96613	1.089	0.8716	0.77941	0.71883	0.93634	1.1187	1.1947
0.94604	1.8537	0.88549	0.77516	0.72501	1.0526	1.1327	1.0761
0.93197	0.91852	0.87894	0.87715	0.79315	0.96458	1.0699	1.1092
0.95648	1.146	0.86403	0.74304	0.17137	0.95464	1.0031	1.0508
0.9618	0.74968	0.88705	0.84474	0.8754	1.0679	1.0408	0.97464
0.9602	0.52805	0.88325	0.83895	0.33951	0.93008	0.95799	1.03
0.98677	0.2499	0.86837	0.68434	0.59834	0.959	0.92022	0.95956
0.91641	0.15229	0.86243	0.57121	0.16094	1.0618	0.98785	0.93039
0.83199	1.2656	0.8247	0.52143	0.66162	0.91499	0.91576	1.0008
0.96904	1.1183	0.8736	0.48107	0.10763	0.90709	0.85681	0.94457
1.0052	0.48881	0.91633	0.56753	0.08034	0.98113	0.86538	0.88202
0.95602	1.5749	0.90998	0.6794	1.3145	0.94505	0.84236	0.89134
0.97976	1.3854	0.8908	0.24347	0.35545	1.0203	0.89256	0.87476
0.95528	2.0145	0.94891	0.4817	0.64756	1.0484	0.9574	0.91317
0.89186	0.97757	0.88648	0.27737	0.90705	1.1277	1.0818	0.95927
0.95652	1.4125	0.87825	0.57271	1.1508	1.0024	1.0955	1.0928
1.0011	0.64847	0.9144	0.73257	1.1132	1.0793	1.167	1.0812
0.87542	1.2484	0.86082	0.48495	0.94055	1.0022	1.1403	1.1378
0.98751	1.6497	0.88009	0.51168	1.0558	0.92889	1.0414	1.1211
0.85102	2.1497	0.85989	0.53785	0.81909	1.0287	1.0434	1.0143
0.96575	0.45124	0.8588	0.57841	0.45605	0.96279	0.98571	1.0238
0.93281	1.2551	0.90677	0.70491	0.65684	0.90821	0.89311	0.98337
0.90545	1.3665	0.88461	0.5385	0.66686	0.98936	0.89504	0.90466
0.97786	0.17221	0.88316	0.50758	0.34427	0.9543	0.8701	0.91176
0.91776	0.43317	0.87334	0.30266	0.30641	0.98028	0.88018	0.89788
0.88507	0.90041	0.86631	0.9092	0.77223	1.0029	0.91182	0.90921
0.95471	-0.2141	0.87356	0.61951	0.20714	0.98567	0.92102	0.9344
0.87789	0.59021	0.81522	-0.051451	-0.016048	1.0058	0.95317	0.94766
0.96845	1.5598	0.91355	0.41175	1.0258	1.0838	1.0471	0.96614
0.91817	1.0113	0.89778	0.34236	0.99219	1.2613	1.2775	1.0128
0.99465	1.2119	0.87186	0.7785	0.98623	1.0106	1.2464	1.2334
0.9741	1.1137	0.92375	0.53456	0.56753	1.0481	1.247	1.1898
1.0001	0.21541	0.92773	0.88739	1.3695	0.94411	1.1333	1.2004
0.91383	1.3931	0.85053	0.37591	0.25558	0.93235	1.0283	1.1029
1.0603	0.42135	0.93213	0.74662	0.68998	1.0748	1.0649	0.99073
0.93251	1.5638	0.93562	0.64342	0.86459	1.0633	1.0842	1.0196
1.0787	0.3484	0.91037	1.009	0.7152	0.85516	0.91338	1.0681
1.124	0.38273	0.98	0.84942	0.60365	1.1021	1.0061	0.91289
1.0237	1.181	0.99245	1.0042	1.3331	1.0274	1.0309	1.0034
0.9817	1.6064	0.88769	0.8045	0.70815	0.85861	0.90472	1.0537
1.1673	-0.0025381	0.96612	0.90498	0.70709	1.074	0.97773	0.91037
0.95641	0.42288	0.92635	0.67943	0.89398	1.0178	0.99054	0.97324
1.0468	0.24139	0.89735	0.85727	0.53645	0.89956	0.90624	1.0074
1.0307	1.4695	0.92473	0.55517	0.80318	0.98786	0.91977	0.93107
1.0101	0.19951	0.91347	0.74682	0.88085	0.92138	0.86108	0.93456
1.1267	1.7153	0.96953	0.70071	0.61077	0.99733	0.88442	0.88679
0.90605	2.0174	0.89511	-0.028938	0.88131	0.98663	0.90441	0.91667
1.0526	0.75273	0.93112	0.66285	1.4877	1.0108	0.92728	0.91734
1.0935	1.2585	0.94954	0.43804	1.0803	1.1046	1.0365	0.93836
0.90524	1.6265	0.85754	0.44511	1.0123	1.1966	1.2267	1.0252
0.96972	0.95343	0.86276	0.4212	0.64838	0.97769	1.1738	1.2006
0.98077	1.221	0.88692	0.7981	0.9058	1.0062	1.1537	1.1466
0.92837	0.53834	0.86292	0.6652	0.51199	0.93814	1.0572	1.1269
0.99717	0.38667	0.85551	0.57938	0.2542	0.98462	1.0191	1.035
0.89797	0.20789	0.84976	0.49688	0.40365	1.0513	1.0412	0.99033
0.89893	0.27666	0.82212	0.7943	0.80979	0.9724	0.9892	1.0173
0.93652	0.40912	0.8092	0.38245	0.20151	0.94541	0.92993	0.98362
0.87195	1.3	0.83501	0.69176	0.90748	1.0716	1.0043	0.93723
0.82591	1.1033	0.79254	0.56527	0.65883	0.90302	0.92265	1.0217
0.92212	1.4848	0.82085	0.62605	0.50045	1.0048	0.94368	0.9392
0.81022	1.4005	0.81174	0.44587	0.46253	1.0499	0.99438	0.94713
0.85539	0.74293	0.77268	0.5504	0.51847	0.92081	0.92632	1.006
0.81911	1.5161	0.76093	0.2029	-0.0085688	1.0418	0.97809	0.93887
0.77865	0.66336	0.76736	0.29456	0.21332	1.0401	1.0223	0.9829
0.74581	1.6645	0.70899	0.13751	0.3493	0.9229	0.95066	1.0301
0.9307	0.71277	0.81011	0.4401	1.0682	0.96806	0.93949	0.97049
0.84507	1.022	0.80008	0.53554	1.3681	0.91624	0.87595	0.95602
0.97414	0.5299	0.83113	0.44972	0.35773	0.98892	0.88339	0.89329
0.92739	0.96616	0.83247	0.40632	0.45292	1.014	0.91849	0.9058
0.91823	1.1619	0.8209	0.34608	0.64702	0.9558	0.89521	0.93661
1.037	0.91788	0.89563	0.55932	0.87883	1.052	0.96042	0.91293
0.98019	0.88082	0.90229	0.76112	1.1451	1.1044	1.0745	0.97294
0.9145	1.4564	0.84173	0.57235	1.0815	1.0473	1.1201	1.0695
0.92341	1.1775	0.84448	0.39644	0.57206	1.2518	1.3427	1.0726
0.77117	1.8659	0.84094	0.58873	0.6938	0.90512	1.172	1.2948
0.98728	0.42914	0.85174	0.78334	0.32409	0.91824	1.05	1.1435
0.93654	1.7705	0.8747	0.63273	0.91354	0.89269	0.92929	1.041
0.90699	1.5128	0.81707	0.31531	0.43108	0.96164	0.88575	0.92108
0.95484	0.60575	0.87626	0.44011	0.31836	0.9734	0.86168	0.88523
0.98138	1.1469	0.8999	0.62289	0.91811	0.95902	0.83896	0.87481
0.93181	0.56696	0.90166	0.60562	0.44028	0.97721	0.8394	0.85898
1.0837	0.21243	0.92739	0.4734	-0.1425	0.96793	0.86402	0.89265
0.98113	1.1848	0.92742	0.031621	0.12705	1.0542	0.95012	0.90126
1.037	0.97305	1.0268	1.0037	0.48701	0.98	0.96213	0.98177
1.0624	0.24998	1.0005	0.65758	0.73847	0.98834	0.96857	0.98
0.90058	1.3686	0.95006	0.49207	0.047703	1.0472	1.022	0.97589
0.96064	1.5844	0.88977	0.50726	0.84817	1.0479	1.0686	1.0197
1.1422	1.7356	1.011	0.83574	1.1005	1.0242	1.0828	1.0572
1.0228	0.80694	0.98221	0.84794	0.99215	1.042	1.107	1.0624
0.96285	0.5137	0.90729	0.50115	0.34962	0.9471	1.0326	1.0903
1.0699	0.28205	0.93064	0.68025	0.69228	1.0372	1.0566	1.0186
0.9018	1.7082	0.94081	0.50169	0.57422	1.0744	1.1066	1.03
0.89903	0.94601	0.92117	0.59207	0.76938	1.0931	1.1639	1.0648
1.0147	0.29628	0.89941	0.54457	0.29712	1.0175	1.1439	1.1243
0.95882	-0.0049888	0.93034	0.72853	0.35963	1.0773	1.185	1.1
0.8855	0.99545	0.9179	0.76923	0.30172	0.90438	1.0491	1.16
1.0643	0.12835	0.93234	0.80391	0.35722	1.0242	1.0538	1.0289
0.92095	1.3264	0.95778	0.92586	0.63495	1.0645	1.0852	1.0195
0.84978	1.2332	0.8962	0.67069	0.43419	0.89293	0.95542	1.07
1.072	0.15751	0.95053	0.9139	0.50668	0.95023	0.90762	0.95516
0.94827	1.3549	0.95355	0.64666	1.1412	1.0357	0.94591	0.91329
0.95291	-0.34516	0.89889	0.84306	0.23298	0.87816	0.85007	0.96801
1.0755	1.0844	0.96327	0.56281	0.21801	0.96335	0.85062	0.88298
0.95824	1.3555	0.92596	0.6	0.64346	1.0245	0.89125	0.86998
0.94599	1.8987	0.88937	0.40045	0.76677	0.98939	0.90644	0.91616
1.0536	0.32914	0.95345	0.53397	0.59479	1.2386	1.1341	0.91562
0.85664	1.8397	0.88173	0.52647	1.3884	1.1775	1.2949	1.0997
0.9112	0.81411	0.85968	0.37314	-0.22396	0.95221	1.198	1.2582
0.9203	0.54272	0.91095	0.83641	0.64133	0.99807	1.168	1.1703
0.91159	-0.149	0.85809	0.94955	0.52702	0.91683	1.0438	1.1385
0.87184	1.9164	0.81001	0.33946	0.16875	1.0021	1.016	1.0139
0.78482	1.2969	0.83522	0.72484	0.21866	1.0463	1.0301	0.98446
0.85975	1.1935	0.79792	0.50881	-0.037112	0.89336	0.90359	1.0114
0.90089	0.85875	0.85622	0.56985	-0.051606	1.0293	0.93123	0.90474
0.80573	0.5731	0.82266	0.58515	-0.015164	0.93654	0.89869	0.95958
0.92514	1.1967	0.81161	0.63052	0.86314	0.97897	0.90326	0.92266
0.90504	0.6755	0.881	0.46834	0.49257	1.0788	0.99177	0.91936
0.80316	1.352	0.83728	0.47042	0.71429	0.91372	0.92162	1.0086
1.0333	1.2778	0.88309	0.61673	0.79581	0.89104	0.84646	0.94997
0.96957	1.6626	0.91327	0.47176	0.39734	1.0163	0.8918	0.8775
0.93634	1.6699	0.92114	0.89405	1.2358	1.0401	0.94303	0.90667
1.0288	0.71715	0.92125	0.63905	0.81845	1.1337	1.0743	0.94762
0.93615	0.04793	0.91255	0.55792	0.91432	1.1791	1.2322	1.045
0.89901	1.3517	0.87584	0.66824	0.97549	0.90385	1.0972	1.2139
1.0337	1.2646	0.93001	0.74832	0.50101	1.0596	1.1471	1.0826
0.91085	0.93227	0.9308	0.84016	0.44192	0.90964	1.0316	1.1341
0.99491	1.1631	0.90176	0.64984	0.15093	0.97792	0.98774	1.01
0.98765	0.48734	0.93922	0.70828	0.70507	1.0745	1.032	0.96043
0.93225	1.3586	0.92367	0.9861	0.89873	0.94958	0.9635	1.0147
0.95542	1.8689	0.89972	0.45524	0.13406	0.88938	0.86591	0.97361
1.066	1.3087	0.98588	0.93743	0.70572	0.96766	0.86855	0.89757
1.1177	0.69182	0.95816	0.28222	0.072559	0.9383	0.83956	0.89477
1.1302	0.39443	1.0053	0.53921	0.80646	1.0055	0.8772	0.87242
1.0978	1.9196	0.97685	0.59828	1.1015	1.049	0.93931	0.89539
0.99653	1.0979	0.96546	0.3122	0.55437	1.3013	1.2011	0.92298
0.98624	0.84519	0.95747	0.88511	1.0302	0.91816	1.1081	1.2069
1.0732	1.1405	0.94837	0.51566	0.1915	1.0478	1.1507	1.0982
0.99267	1.5386	0.94593	0.97663	1.1631	1.0021	1.1259	1.1235
0.92342	1.3137	0.89593	0.79166	0.48947	0.93168	1.0306	1.1062
1.0207	1.811	0.91694	0.68762	1.0604	0.99111	0.99832	1.0073
0.9526	0.38526	0.92203	0.83094	0.5132	0.93498	0.92053	0.98455
1.0389	1.9891	0.91173	0.73604	0.95335	1.0863	0.98158	0.90358
0.89778	1.0719	0.89605	0.70225	0.62288	1.0177	1.0099	0.99233
0.92485	1.2857	0.84239	0.73434	0.78969	0.92842	0.94586	1.0188
0.94057	0.9367	0.87336	0.63975	0.4483	1.0678	1.017	0.95243
0.89355	1.2516	0.88525	0.88317	0.41775	0.98687	1.0126	1.0261
0.98745	0.91713	0.86174	0.61948	0.5128	0.94457	0.96298	1.0195
0.96391	0.92513	0.89174	0.76687	0.37869	1.0235	0.98838	0.96571
0.78383	1.5419	0.81414	0.33726	0.22729	0.98165	0.96723	0.98531
0.95354	1.0619	0.85461	0.47273	0.12748	0.97897	0.95608	0.97661
0.88067	0.60482	0.86907	0.58331	0.444	1.0788	1.034	0.95854
0.81897	1.3031	0.84266	0.32131	0.37154	0.92257	0.95697	1.0373
0.92168	1.8069	0.85509	0.5484	0.4465	0.99041	0.95991	0.9692
0.84032	1.4748	0.84715	0.55896	0.59063	1.1477	1.0944	0.95354
0.9346	0.53124	0.84708	0.93262	1.0276	0.86076	0.94691	1.1001
0.91866	1.2965	0.83992	0.2774	0.38541	1.049	0.99564	0.94911
0.90649	1.0967	0.87401	0.89146	1.1752	1.0888	1.0722	0.98476
0.8273	0.47806	0.78063	0.46709	0.69805	0.89056	0.95595	1.0734
1.0128	0.72441	0.88045	0.74457	0.89573	1.0289	0.99072	0.96288
0.92534	0.95347	0.90329	0.83161	0.83793	1.0492	1.0302	0.98189
0.88974	0.0605	0.83055	0.8244	0.69193	0.96652	0.99	1.0243
0.95342	1.5516	0.85722	0.70183	0.53771	0.96074	0.96716	1.0067
0.85064	1.4277	0.86795	0.70492	0.64381	1.1106	1.0575	0.95222
0.78423	1.652	0.79625	0.45348	0.77043	0.94805	0.99971	1.0545
0.96906	0.3777	0.84109	0.42738	0.038152	0.92694	0.94282	1.0171
0.90915	0.54396	0.87378	0.5427	0.39048	1.0961	1.0245	0.93468
0.87652	0.31257	0.8509	0.62527	0.48392	1.0067	1.0252	1.0183
1.0167	-0.13144	0.86296	0.81915	0.50494	0.90402	0.93831	1.0379
0.94769	0.57254	0.89519	0.63592	0.48017	1.1235	1.0475	0.93237
0.85163	1.2543	0.85251	0.63268	1.2823	0.98681	1.0239	1.0376
0.96606	1.399	0.85862	0.77438	0.65464	0.90646	0.94295	1.0403
0.98255	0.28598	0.89557	0.66716	0.84982	1.0614	1.0026	0.94459
0.87701	0.44473	0.87586	0.55425	0.36361	1.0301	1.0212	0.99139
0.95235	0.82439	0.85911	0.70648	0.16179	0.9236	0.95249	1.0313
1.0255	0.77839	0.91079	0.89925	0.64477	1.0243	0.98336	0.96
0.84249	1.1513	0.85224	0.45343	0.30786	0.91449	0.90455	0.98913
0.96115	1.2731	0.86578	0.47537	0.14137	0.97662	0.90439	0.92604
1.049	1.6127	0.9088	0.62217	1.0837	0.94681	0.88092	0.93041
1.0176	0.42894	0.94109	1.0753	1.0181	0.99438	0.89057	0.8956
0.93597	0.45246	0.92157	0.65918	0.38941	0.98023	0.89693	0.91502
1.0254	1.0805	0.9243	0.5098	0.22646	1.0403	0.95915	0.92195
1.0856	0.71062	0.9969	0.86194	1.2255	1.0526	1.0201	0.96913
0.9985	0.77849	0.96212	0.75481	1.1901	1.3026	1.2967	0.99542
0.99119	1.9302	0.89534	1.0418	1.5842	0.98586	1.2366	1.2544
0.96859	0.50741	0.94126	0.70873	0.82269	1.002	1.1963	1.1939
1.0221	0.31248	0.98111	1.0408	1.1227	0.89366	1.0433	1.1674
1.0399	0.40217	0.91389	0.63434	-0.49578	1.0114	1.0282	1.0166
0.99671	1.6506	0.97552	1.0893	1.3235	1.0792	1.0692	0.99075
0.91575	1.2732	0.94098	0.93942	0.64589	0.90985	0.95332	1.0478
1.2053	-0.13134	0.98675	1.2602	0.8856	1.0092	0.94703	0.93838
0.99124	0.099207	0.9468	0.8922	0.64071	1.0753	1.025	0.95321
0.95628	1.5711	0.91078	1.0126	0.51653	0.89597	0.93518	1.0438
1.0878	0.95361	0.95168	0.52889	0.76385	1.1066	1.0412	0.94091
0.96569	0.63756	0.95181	0.92747	0.54107	1.0471	1.0747	1.0264
0.99677	1.4064	0.91184	0.77625	0.60133	0.8364	0.90713	1.0846
0.97671	1.2342	0.90078	0.44161	-0.051693	1.1296	1.029	0.91091
0.89599	0.84282	0.91261	0.61488	0.2784	1.0152	1.0345	1.019
0.92399	1.6348	0.87275	0.47859	-0.14336	0.89339	0.92905	1.0399
1.0138	1.7777	0.95223	0.75878	0.52209	1.0907	1.0173	0.93267
0.85518	1.479	0.89826	0.55817	0.64028	1.07	1.0686	0.99863
0.91719	0.54855	0.85351	0.3197	-0.32465	0.86708	0.93753	1.0813
0.91085	1.0267	0.91394	0.42558	0.70982	1.0896	1.0292	0.94458
0.74809	2.1564	0.83345	0.4988	0.56455	0.95238	0.97184	1.0204
0.86489	1.8596	0.84119	0.15898	0.0050165	0.95682	0.94052	0.98297
0.87295	1.481	0.89913	0.65421	1.2055	1.0546	0.99888	0.94713
0.85304	0.4694	0.85091	0.57484	0.18929	0.97748	0.97228	0.99468
1.0231	0.53871	0.88193	0.80742	1.0218	0.93548	0.92273	0.98636
0.98255	0.86064	0.92658	0.89806	0.74156	1.0961	1.0242	0.93441
0.93215	0.5758	0.89862	1.048	0.91298	0.99101	1.01	1.0192
1.013	0.10127	0.87729	0.57196	0.50545	0.92971	0.95321	1.0253
0.88525	1.6528	0.88647	0.79157	0.60627	1.1293	1.0693	0.94688
0.80575	1.5636	0.8499	0.5889	0.36194	0.97192	1.0306	1.0604
0.96349	0.9287	0.85598	0.7106	0.33679	0.91111	0.94825	1.0408
0.95579	0.33334	0.89062	0.53441	-0.027328	1.0537	0.99971	0.9488
0.86759	0.91652	0.87192	0.71814	0.52639	1.0764	1.058	0.98294
0.98577	0.14299	0.86506	0.55291	-0.070847	0.89892	0.95844	1.0662
0.88839	0.95174	0.89916	0.53641	0.5297	1.11	1.0569	0.95216
0.89198	0.19016	0.89296	0.65324	0.4645	0.95043	0.99577	1.0477
0.99109	0.82769	0.87684	0.66726	0.68335	0.92744	0.9378	1.0112
0.89662	1.623	0.89421	0.69935	0.72479	1.1051	1.0358	0.93727
0.84225	0.19327	0.85274	0.54339	0.3428	0.92257	0.95369	1.0337
1.0038	0.99092	0.89792	0.78934	0.81484	0.95923	0.92325	0.96249
0.93112	1.0954	0.91341	0.80327	0.94155	1.075	1.0026	0.93267
0.89652	0.44055	0.88785	0.86424	0.67382	0.93488	0.94173	1.0073
1.0132	0.69827	0.886	0.73712	0.76848	0.96517	0.92962	0.96316
0.95918	0.79454	0.90949	0.69356	0.73158	1.0928	1.0211	0.93438
0.85305	0.12888	0.85828	0.60966	0.10264	0.97406	0.99339	1.0198
0.90198	0.86047	0.82865	0.44528	0.17373	0.98789	0.99452	1.0067
0.92201	1.554	0.85569	0.33419	0.75151	1.0735	1.0609	0.98819
0.78845	0.41848	0.82664	0.075882	0.43821	0.99315	1.0425	1.0497
0.95547	0.70145	0.86411	0.54993	0.18012	0.93333	0.98008	1.0501
0.97732	0.41859	0.89384	0.48461	0.46369	1.1453	1.1016	0.9618
0.8554	0.97365	0.87535	0.68939	1.0562	0.96989	1.0488	1.0814
0.98234	0.25946	0.86951	0.67911	-0.095998	0.94013	0.98605	1.0488
0.94645	0.88225	0.87704	0.69652	1.2869	1.1179	1.0831	0.96887
0.84578	0.4688	0.84539	0.59758	0.26786	0.97046	1.0357	1.0673
0.94842	1.1969	0.83526	0.76338	0.80723	0.89348	0.9325	1.0437
0.96371	0.1277	0.87565	0.66679	-0.066168	1.0949	1.0167	0.92855
0.87502	1.0709	0.87431	0.93523	0.84936	0.95556	0.96494	1.0098
0.97797	0.17075	0.84294	0.69234	0.36475	0.94186	0.92439	0.98146
0.87808	0.43342	0.83735	0.50218	0.40634	1.084	1.0054	0.92757
0.81807	0.40651	0.83236	0.59741	0.35256	0.98405	0.98715	1.0031
0.88214	0.18123	0.79589	0.41397	-0.25938	0.93056	0.93788	1.0079
0.92625	0.78687	0.83992	0.48714	0.37994	1.0995	1.0366	0.94283
0.82994	1.5919	0.82891	0.74722	0.66525	1.0973	1.1133	1.0146
0.74171	1.6714	0.75487	0.43376	0.37357	0.85567	0.96232	1.1246
0.93599	1.4198	0.82148	0.48936	0.17903	1.0627	1.0194	0.95926
0.80274	0.86012	0.81824	0.53352	0.81063	1.0295	1.0348	1.0051
0.81924	0.60671	0.8093	0.56018	0.62009	0.94714	0.98258	1.0374
0.95134	0.58081	0.82669	0.59554	0.72986	0.93023	0.92246	0.99164
0.89191	0.25979	0.84419	0.50175	0.70757	1.1425	1.0375	0.90806
0.80293	1.0939	0.8092	0.59412	0.64198	0.92998	0.96949	1.0425
0.94456	0.74078	0.82591	0.55701	0.046769	0.83059	0.83674	1.0074
1.0252	0.44828	0.87862	0.61245	-0.068616	1.0397	0.88248	0.84881
0.89742	1.3805	0.90052	0.73575	0.17933	0.9346	0.8498	0.90926
1.0183	1.3874	0.90585	0.39701	-0.013445	0.98834	0.87091	0.88118
0.99872	1.0943	0.94419	0.86118	1.0395	1.0354	0.92521	0.89357
0.96173	1.1243	0.86435	0.42757	0.87895	1.0199	0.9569	0.93819
0.97082	0.53552	0.90774	0.49382	0.62568	1.3352	1.2687	0.95023
0.89415	1.2888	0.89704	0.70414	0.62278	0.80544	1.0356	1.2858
0.89323	0.53242	0.89198	0.44705	0.23692	1.0026	1.0269	1.0243
1.0331	0.84233	0.903	0.81485	0.77851	1.0285	1.0458	1.0168
1.041	0.5467	0.94823	0.87382	1.0933	1.1285	1.1407	1.0108
0.91361	1.4935	0.90597	0.77928	0.86997	1.0201	1.1215	1.0994
1.0089	0.80674	0.90346	0.63353	0.046595	0.93654	1.0261	1.0956
0.95969	1.4764	0.91995	0.723	0.67267	1.0584	1.0559	0.99767
0.9109	1.437	0.92839	0.67795	0.24146	0.96689	1.033	1.0684
0.97907	0.76924	0.91042	0.97566	0.29601	0.97032	0.99068	1.021
1.0929	0.23927	0.96184	0.58438	-0.3817	1.0376	1.0118	0.97505
0.98411	0.32365	0.99635	0.66428	0.0041667	1.0476	1.0405	0.99324
0.94624	0.66686	0.90233	0.59822	-0.29651	0.90476	0.94946	1.0494
1.1001	0.76603	0.97524	0.64669	0.52045	1.1722	1.1027	0.94065
0.83791	1.6545	0.92186	0.51026	0.66534	1.0082	1.0914	1.0826
0.95469	1.0649	0.90808	0.72429	0.21451	0.91903	1.0028	1.0911
1.0422	1.7062	0.94926	0.65598	0.64478	1.0771	1.0651	0.98884
0.84401	1.2426	0.8986	0.48605	0.24274	0.96728	1.0169	1.0513
0.9342	0.45928	0.91235	0.74708	-0.052309	0.97674	0.98771	1.0112
1.1148	0.085307	0.961	0.79414	0.25621	1.0281	1.012	0.98429
1.0108	0.19433	0.98817	1.0526	0.87887	0.97474	0.97474	1
0.92382	0.21834	0.90901	0.59383	0.17076	0.99568	0.97799	0.98223
0.98177	1.676	0.90986	0.63453	0.31243	0.95228	0.9451	0.99247
0.8551	1.1597	0.88588	0.46445	0.56977	1.0752	1.0112	0.94055
0.89682	0.72558	0.87937	0.57836	0.34889	0.92797	0.9514	1.0253
1.0629	1.0126	0.94338	0.89526	0.50834	1.0753	1.0236	0.95192
0.84189	0.92532	0.88532	0.66956	0.68036	0.99151	1.0136	1.0222
0.90639	0.89262	0.85472	0.79132	0.37423	0.92505	0.94867	1.0255
1.028	1.2218	0.89313	0.73454	0.87868	1	0.95681	0.95681
0.88807	0.44087	0.88496	0.63068	0.56677	1.0694	1.023	0.95655
0.88311	1.4924	0.87495	0.89888	1.1561	0.88312	0.91122	1.0318
0.92052	1.7924	0.85298	0.44508	0.33886	0.98039	0.91168	0.92991
0.92947	1.1868	0.91743	0.94806	0.82602	0.975	0.90121	0.92432
0.92349	0.8537	0.85391	0.58667	0.17278	0.89487	0.83593	0.93413
1.0472	1.4048	0.90832	0.49031	0.10552	1.0201	0.88201	0.86466
1.0369	0.79984	0.94669	0.62425	0.67355	0.98596	0.89199	0.9047
0.91562	0.91365	0.90224	0.58483	0.63119	0.97721	0.89703	0.91795
1.0031	1.2807	0.89407	0.28131	0.2755	1.0991	1.0141	0.92266
0.88106	1.1922	0.90808	0.49024	0.83634	1.4111	1.3738	0.97353
0.89032	1.0577	0.86595	0.75219	0.54097	0.94361	1.255	1.33
1.006	0.96177	0.91352	0.92003	0.9128	1.0199	1.233	1.2089
0.89796	0.45524	0.88696	0.81517	0.77624	0.93359	1.1081	1.1869
0.96468	0.94837	0.87075	0.66509	0.23947	0.93096	1.0056	1.0802
0.99111	0.74641	0.93204	0.91602	0.41784	1.0472	1.02	0.97401
0.84622	1.5944	0.86982	0.66918	0.91273	0.96137	0.95319	0.99149
1.0437	0.62987	0.91035	0.83376	-0.068935	0.97768	0.91704	0.93797
0.95247	0.28483	0.92068	0.83564	0.68977	1.0411	0.9741	0.93565
0.88098	0.82058	0.8768	0.68926	0.0021835	0.94079	0.93464	0.99346
1.0642	1.0809	0.93703	0.76532	0.30576	0.99534	0.95233	0.95679
0.85758	1.0178	0.90645	0.45439	0.31625	1.1358	1.0796	0.95047
0.92622	0.24104	0.87885	0.69642	0.076436	0.89072	0.96509	1.0835
1.125	1.3943	0.99562	0.92709	0.74294	1.1111	1.0682	0.96134
0.9093	1.3172	0.95095	0.89169	0.29523	0.99583	1.0549	1.0593
0.90124	1.1921	0.86725	0.68659	-0.25245	0.94561	0.99368	1.0508
1.0662	1.169	0.96665	0.66943	-0.2207	0.98894	0.98512	0.99614
0.84242	1.1315	0.91932	0.4271	0.030151	1.0492	1.0223	0.97439
0.93135	1.3723	0.88903	0.6532	0.19079	0.90618	0.92694	1.0229
1.0506	0.13257	0.94451	0.7378	0.50929	1.1129	1.035	0.92998
0.88628	1.7386	0.93806	0.73409	0.87815	0.9556	0.98368	1.0294
0.87895	1.6273	0.84518	0.42022	0.49966	0.9115	0.91353	1.0022
1.0563	1.787	0.93948	0.68668	1.0296	1.0704	0.98796	0.92299
0.86935	1.8042	0.91841	0.69581	1.0599	1.0136	1.0028	0.98934
0.94319	0.95177	0.86453	0.51423	0.74227	0.89485	0.90935	1.0162
0.96653	1.399	0.89533	0.55188	0.38862	1.0925	1.0026	0.91769
0.91141	0.16101	0.88661	0.76387	0.77252	1.0046	1.0031	0.99857
0.92305	0.52043	0.83175	0.47978	0.34373	0.94305	0.96223	1.0203
1.0841	0.92208	0.92785	0.73037	1.0447	1.128	1.0807	0.95806
0.89321	0.25442	0.89281	0.73602	0.72637	0.98929	1.0539	1.0653
0.92848	0.91237	0.85323	0.67663	0.47585	0.94589	0.998	1.0551
1.0787	1.5112	0.9293	0.91538	0.53236	1.0389	1.0348	0.99601
0.89268	0.72382	0.91486	0.75329	0.71338	1.0352	1.0503	1.0145
0.88092	0.041972	0.85715	0.74698	0.57616	0.89574	0.94501	1.055
1.0074	1.3862	0.88325	0.69651	0.43798	1.0404	0.98344	0.94527
0.80833	1.7908	0.85617	0.7149	0.83552	0.98402	0.96313	0.97877
0.81474	0.22846	0.80469	0.50087	-0.23691	0.9536	0.93303	0.97843
0.9952	1.6891	0.88526	0.70309	0.65407	0.96837	0.92023	0.95029
0.88611	1.1683	0.89637	0.70918	0.85114	1.1332	1.0386	0.91652
0.81849	1.4075	0.84983	0.7163	0.8741	1.0222	1.0595	1.0365
0.89044	1.0941	0.81121	0.52678	0.38305	0.90889	0.97726	1.0752
0.96951	1.8846	0.86033	0.58175	1.0948	0.8926	0.88442	0.99084
0.87102	0.25693	0.82697	0.30271	0.19914	0.94652	0.85844	0.90694
1.0513	0.62828	0.89333	0.78915	0.37561	1.0141	0.88999	0.8776
0.92507	1.0562	0.86467	0.15296	0.16519	1.0501	0.94457	0.89947
0.87064	0.57412	0.85703	0.42488	0.82276	1.1751	1.0945	0.93144
0.87216	1.4608	0.81163	0.421	0.86864	0.92551	1.026	1.1085
0.92307	1.2223	0.86161	0.42424	0.94224	1.1439	1.1707	1.0234
0.84529	1.0294	0.84946	0.54035	0.79562	1.0107	1.1632	1.1509
0.96247	0.87741	0.83864	0.69118	0.53623	0.83122	0.96098	1.1561
0.96908	1.17	0.8961	0.79758	0.97561	1.0609	1	0.94258
0.82849	1.542	0.84907	0.63151	0.56587	0.99761	0.9806	0.98295
0.99951	0.1127	0.87063	0.77	0.20963	0.93525	0.91362	0.97687
0.99523	0.26147	0.92539	0.83246	0.56872	1.0564	0.974	0.92199
0.88799	0.2763	0.87277	0.64371	0.69071	1.0316	1.0003	0.9697
0.96143	1.8576	0.88306	0.60776	0.40123	0.94118	0.96096	1.021
0.93247	1.1471	0.9042	0.37777	0.49911	1.1275	1.091	0.96764
0.92839	1.3462	0.92769	0.75601	0.77096	0.97339	1.0477	1.0764
1.0461	0.13576	0.90627	0.58649	0.017169	0.91572	0.96403	1.0528
1.1837	0.916	1.0259	1.2019	0.89518	1.1567	1.0993	0.95035
0.92636	1.223	0.96223	0.66726	0.50635	0.98065	1.0574	1.0783
1.1606	0.86356	0.99893	1.206	0.977	0.91447	0.96556	1.0559
1.1216	0.41257	1.0225	0.9162	0.675	1.0791	1.0345	0.95862
1.0122	1.166	0.98578	0.91805	0.76816	1.0022	1.0218	1.0195
1.1012	-0.1081	0.97332	0.60297	-0.24349	0.91131	0.94185	1.0335
1.1117	1.5885	1.0449	1.0507	1.1726	1.1314	1.0577	0.93489
0.98712	-0.12448	0.99146	0.70071	-0.032517	0.94624	0.99015	1.0464
1.1233	1.5409	1.0238	0.94694	0.15448	0.97727	0.97727	1
1.044	2.0501	1.042	0.98353	0.95266	1.0512	1.0284	0.97838
0.98099	0.14703	0.98279	0.58816	-0.1981	0.9823	1.0025	1.0206
1.1423	1.0208	1.005	0.85417	0.13997	0.95495	0.96446	1.01
1.0491	0.82466	0.99216	0.78643	0.85416	1.1675	1.112	0.95254
0.93527	1.2638	0.95499	0.73797	1.0289	0.90909	1	1.1
1.1053	0.64262	0.96513	0.82575	0.58477	1.0444	1.043	0.99861
0.94377	0.25944	0.91645	0.54993	0.57289	1	1.0344	1.0344
0.90067	1.1047	0.90496	0.6674	0.18306	0.93404	0.96378	1.0318
1.0366	0.24615	0.90813	0.60368	-0.00025799	0.97494	0.94586	0.97017
0.98215	0.48994	0.93451	0.79732	0.61023	1.1565	1.0787	0.93272
0.83488	1.3474	0.8913	0.76452	0.78056	0.90909	0.97376	1.0711
0.98664	1.2624	0.89095	0.78046	0.10199	0.91556	0.91201	0.99613
0.96365	0.99558	0.91783	0.8619	1.4519	1.1578	1.0481	0.90525
0.86531	1.043	0.86166	0.74586	0.93241	0.97065	1.0193	1.0501
1.0246	0.44968	0.89997	0.97729	0.59167	0.90713	0.9375	1.0335
0.94429	1.0717	0.90771	0.70347	0.81124	1.0786	1.0072	0.93385
0.86834	1.2077	0.86012	0.92249	0.98577	0.96247	0.96728	1.005
0.9528	0.17266	0.84542	0.72144	0.10805	0.89679	0.8932	0.996
0.92791	1.6437	0.88907	0.87781	0.86139	1.1023	0.98995	0.89808
0.85778	1.1745	0.85921	0.74023	0.40948	0.99072	0.97656	0.98571
0.88497	1.1724	0.83072	0.40815	-0.38365	0.9555	0.95188	0.99621
0.91335	0.76859	0.89964	0.60949	0.18315	1.1176	1.066	0.95383
0.86758	0.57942	0.87281	0.75031	0.66881	0.97149	1.0287	1.0589
0.96033	0.716	0.86732	0.65146	0.55688	0.9526	0.98887	1.0381
1.0131	0.58195	0.94998	0.89169	0.46368	1.109	1.0865	0.97969
0.83569	1.4717	0.86467	0.57821	0.77522	0.89957	0.96893	1.0771
0.99629	0.84033	0.89769	0.71994	0.67559	0.95724	0.93503	0.9768
1.0061	1.1839	0.94022	0.72362	0.97144	1.0993	1.0231	0.93072
0.86254	1.2545	0.88842	0.63102	0.54148	0.96388	0.98076	1.0175
1.0528	0.7532	0.93308	0.75513	0.29082	0.94848	0.94406	0.99534
1.0307	1.1675	0.98323	0.77054	0.48273	1.1309	1.063	0.93995
0.99483	0.24374	0.97057	1.0586	0.65505	0.98908	1.042	1.0535
1.0587	0.44509	0.95617	0.7552	0.24735	0.9117	0.96524	1.0587
1.0808	0.82499	1.0182	0.87715	0.61839	1.1404	1.0849	0.95134
0.96902	0.17875	0.96044	0.71692	0.41311	1.0021	1.0661	1.0638
1.1052	1.7131	0.98004	1.0587	0.72675	0.91737	0.98075	1.0691
1.0947	0.56374	1.0288	0.96224	0.091369	1.0693	1.0381	0.97085
0.96457	1.9036	0.98982	0.85292	0.54564	1.0043	1.0254	1.0209
1.0055	0.6878	0.91279	0.64274	-0.03108	0.90753	0.93987	1.0356
1.1701	0.079226	1.0148	0.64058	-0.18472	1.1161	1.0438	0.93518
0.98047	0.8434	1.0112	0.81964	0.19283	0.96178	0.99288	1.0323
0.98269	0.72783	0.9218	0.7755	0.33089	0.89183	0.90204	1.0114
1.2131	-0.10297	1.0285	0.90707	0.82936	1.0817	0.98534	0.91094
0.93633	1.5705	0.99372	0.68649	0.65263	1.0778	1.0508	0.9749
0.96242	0.32614	0.93226	0.75036	0.26404	0.88747	0.94437	1.0641
1.1114	0.29519	0.97852	0.53414	0.31724	0.98325	0.94293	0.95899
0.94152	1.6371	0.96314	0.70686	1.5046	1.073	1.0063	0.93782
0.91782	0.10438	0.91526	0.47479	0.11931	0.95465	0.97454	1.0208
1.1322	0.48564	0.96965	0.89753	0.90481	0.96437	0.95277	0.98797
0.97759	0.10796	0.94583	0.56782	0.87685	1.1281	1.058	0.93792
0.95362	-0.11711	0.92756	1.0462	0.96388	0.98035	1.0337	1.0544
1.043	1.2655	0.90669	0.81672	0.35149	0.89755	0.94629	1.0543
0.9138	1.832	0.90625	0.71554	0.75729	1.1315	1.0589	0.93585
0.86626	0.19524	0.86513	0.58188	-0.047417	0.95614	1.0052	1.0513
0.92901	0.6827	0.83181	0.57387	0.32694	0.91514	0.93116	1.0175
1.0048	1.1787	0.88247	0.46633	0.20695	1.0276	0.95991	0.93415
0.86763	1.4007	0.89351	0.71746	0.76811	1.0268	0.98135	0.95571
0.8164	1.3773	0.82855	0.4511	0.71288	0.91211	0.91483	1.003
0.97643	0.79989	0.86035	0.40879	0.32402	0.9974	0.93074	0.93317
0.96748	0.34408	0.91248	0.89623	1.1827	1.0992	1.0175	0.92568
0.80831	0.13198	0.80431	0.58579	0.34813	1.0048	1.0327	1.0278
0.96153	0.23618	0.8428	0.75366	0.36322	0.92671	0.97	1.0467
0.99084	0.46365	0.89724	0.75971	0.55064	1.1403	1.0899	0.95581
0.89462	0.60071	0.87571	0.80617	0.48679	1.0246	1.1006	1.0742
0.91186	1.0562	0.82786	0.63157	0.31566	0.90611	0.9991	1.1026
1.002	0.086639	0.9048	0.67719	0.19129	1.106	1.0806	0.97705
0.85605	0.41579	0.86237	0.57945	0.31252	1.0174	1.0729	1.0546
0.94472	0.7905	0.81755	0.61289	0.07296	0.89722	0.96322	1.0736
0.93162	0.33963	0.84553	0.57118	0.25913	1.105	1.0523	0.95227
0.79152	1.7745	0.83458	0.64442	0.58802	1.0151	1.045	1.0295
0.91396	0.6038	0.81034	0.57869	0.36417	0.87021	0.9191	1.0562
0.92866	0.77945	0.84849	0.41033	0.44137	1.1149	1.0253	0.91962
0.83163	1.5563	0.85545	0.70552	0.83145	1	1.0136	1.0136
0.8487	0.98009	0.78763	0.4688	0.31785	0.87061	0.89794	1.0314
1.0086	1.7878	0.87926	0.63224	0.88392	1.0605	0.96477	0.90977
0.86092	1.5771	0.89161	0.69421	0.69531	1.0594	1.0142	0.95736
0.91787	1.3564	0.82928	0.82123	0.77298	0.91031	0.93846	1.0309
1.0732	0.37931	0.9245	0.69631	0.64199	1.0936	1.0341	0.94556
0.92399	1.3504	0.95879	1.0056	0.52527	1.0653	1.0815	1.0151
0.83844	1.6079	0.83866	0.6046	0.28777	0.87104	0.95398	1.0952
1.1471	0.24354	0.97339	1.0613	0.64685	1.0461	1.0052	0.96093
0.93983	1.6248	0.965	0.83398	0.89672	1.0232	1.0155	0.99252
0.91991	0.41792	0.92807	0.75399	0.38269	1.0023	1.0117	1.0094
1.0598	1.0767	0.95291	0.63652	0.33015	0.94796	0.96655	1.0196
0.89535	2.2342	0.93642	0.52038	1.3103	1.0955	1.0429	0.952
0.90002	1.7128	0.93861	0.62483	0.58063	0.97821	1.0187	1.0414
1.0987	0.093906	0.95288	0.88822	0.31467	0.92873	0.96138	1.0352
1.1163	0.86398	1.0069	0.86473	0.67806	1.1007	1.0441	0.94854
0.94824	1.7694	0.97167	0.91362	0.64573	0.99564	1.0319	1.0364
1.1093	0.010801	0.96825	1.1039	0.88101	0.88184	0.91983	1.0431
1.1767	1.6389	1.0194	0.79122	0.59726	1.0471	0.96872	0.92511
1.0062	-0.073096	0.99598	0.84814	0.14278	1.0142	0.97997	0.96623
0.99122	0.79545	0.95211	0.8107	0.81281	0.93692	0.93364	0.99651
1.1489	1.1598	1.0122	0.80186	0.50533	1.0249	0.96763	0.94408
0.94091	1.6505	0.98216	0.67149	1.0939	1.0535	1.0146	0.96309
0.96495	1.5098	0.97373	0.85312	0.84933	0.96767	0.99348	1.0267
1.1523	-0.22786	0.98198	1.1445	0.93254	0.93317	0.94559	1.0133
1.0462	0.90239	1.0192	0.96191	1.2599	1.046	0.98733	0.94387
0.96514	1.3673	0.9541	0.98353	1.2806	1.022	1.0103	0.98852
1.0297	0.42358	0.91539	0.69771	0.037753	0.94258	0.96215	1.0208
1.0966	1.1716	0.96883	0.84343	0.53108	1.132	1.0744	0.94911
0.8955	0.32874	0.91483	0.50187	0.18454	1.0695	1.1267	1.0534
0.94702	0.98222	0.89018	0.96195	0.4384	0.93291	1.0474	1.1227
1.0444	1.3956	0.92459	0.6085	0.72206	1.0112	1.0496	1.0379
0.89548	0.86868	0.93381	0.70206	0.26888	1	1.0318	1.0318
0.89847	1.1111	0.84479	0.59521	0.29409	0.90222	0.93173	1.0327
1.1109	-0.20225	0.93576	0.83323	0.64973	1.0862	1.0054	0.92562
0.88458	1.2716	0.89944	0.65046	0.69326	0.99773	0.99015	0.99241
0.89858	0.18262	0.85678	0.61108	0.46613	0.93864	0.9381	0.99943
1.0871	0.7171	0.90796	0.81457	1.0202	0.98305	0.94118	0.9574
0.92304	1.026	0.91717	0.79382	1.0941	1.0468	0.99096	0.94666
0.93553	0.22264	0.89273	0.90472	0.59045	1.0047	1.0023	0.99765
0.9831	0.88203	0.86413	0.46462	0.6833	0.94379	0.95924	1.0164
0.93976	1.1678	0.90616	0.66769	0.64914	1.1117	1.0532	0.9474
0.86948	1.2688	0.8901	0.66351	0.55432	0.96652	1.0203	1.0557
1.0226	0.98404	0.87928	0.79704	0.48088	0.95843	0.98516	1.0279
0.89603	1.8458	0.87144	0.50662	0.57523	1.1084	1.077	0.97161
0.89713	0.73453	0.90806	0.60467	0.32542	0.95217	1.0159	1.067
0.94639	0.74254	0.84913	0.55866	0.044077	0.92009	0.94076	1.0225
1.0234	1.6638	0.92827	0.64095	0.66295	1.062	0.99883	0.94049
1.0007	0.41522	0.96902	0.89177	0.82085	1.014	1.0038	0.98988
0.9337	1.8013	0.87485	0.61878	0.40039	0.96313	0.97521	1.0125
1.1371	1.1624	0.97175	0.87076	1.4965	1.1005	1.0648	0.96759
1.026	0.83094	1.0105	0.98146	0.78575	1.0152	1.065	1.049
1.0175	1.3084	0.93316	0.93912	1.0496	0.90578	0.97494	1.0763
1.105	0.94109	0.95687	0.58329	0.26271	1.0142	0.99133	0.97747
0.97895	1.7273	0.98424	0.8906	1.1459	0.9627	0.95161	0.98848
1.0181	1.8592	0.91882	0.81223	0.86246	0.84262	0.82075	0.97406
1.1802	0.019108	0.98619	0.52222	-0.1284	1.046	0.87658	0.83805
1.0493	1.2551	1.0196	0.55356	0.70978	0.95604	0.85609	0.89545
0.95516	1.8629	0.97246	0.72619	1.135	0.92816	0.82953	0.89374
1.1702	0.87703	1.0325	0.95766	-0.0068044	1.0526	0.91031	0.86479
0.96607	1.9134	1.0018	0.37064	-0.1708	0.98824	0.92658	0.93761
0.98125	0.86529	0.98838	0.54394	0.71601	1.1607	1.0901	0.9392
1.0187	2.0649	0.92106	0.71725	1.4035	1.0205	1.1184	1.0959
1.1061	1.1309	1.0051	0.77609	0.87216	1.2965	1.3692	1.0561
0.94537	1.4269	0.92564	0.95622	1.2878	0.95543	1.2545	1.313
1.0832	0.68622	0.92228	0.82855	0.64854	0.94118	1.1387	1.2098
0.97651	1.2963	0.92527	0.79209	1.3464	1.0647	1.1519	1.0819
0.88674	1.3551	0.9006	0.86057	0.56475	0.98381	1.0869	1.1048
1.0646	1.5442	0.95105	0.90921	0.71486	0.96502	1.0113	1.048
0.9639	0.60813	0.96449	0.86209	0.7067	1.0426	1.027	0.98504
0.88257	0.88826	0.90745	0.8034	0.6618	0.91002	0.92324	1.0145
0.97925	0.4661	0.89598	0.32335	-0.13061	1	0.94055	0.94055
0.90878	0.90041	0.95392	0.79293	0.11905	0.99775	0.95075	0.95289
0.9504	1.4647	0.8774	0.67961	0.099929	0.89414	0.86563	0.96811
1.06	0.67201	0.94046	0.90166	0.65599	1.0579	0.93463	0.88345
0.88995	1.3801	0.92708	0.72477	0.80428	1.0167	0.96606	0.95023
0.93587	0.0076389	0.86268	0.92063	0.81137	0.93677	0.92299	0.98529
0.98713	0.17264	0.87799	0.58709	0.71167	1.0575	0.995	0.9409
0.84318	1.0438	0.87337	0.77112	0.33442	0.99764	0.99941	1.0018
0.97223	0.15423	0.85682	0.70598	0.48513	0.9455	0.95798	1.0132
0.88693	1.1044	0.87441	0.60383	0.72769	1.1754	1.1177	0.95085
0.73492	1.1304	0.77972	0.3787	0.23989	0.91258	1.0106	1.1074
0.90224	1.2701	0.82997	0.46354	0.22063	0.96495	0.97723	1.0127
0.91904	0.27145	0.87402	0.64253	1.0593	1.1138	1.0779	0.96778
0.7714	1.3624	0.79816	0.53175	0.90784	1.037	1.0931	1.0541
0.92106	0.74753	0.83186	0.60908	0.51559	0.88889	0.97136	1.0928
0.87426	0.43714	0.83372	0.51719	0.40765	1.1698	1.1127	0.95121
0.81937	1.2516	0.83187	0.58858	1.1361	0.95565	1.0415	1.0898
0.89374	0.81412	0.81025	0.58922	0.23389	0.92405	0.97064	1.0504
0.8781	1.0961	0.84137	0.53473	1.0612	1.0457	1.0066	0.96264
0.8473	0.92807	0.84349	0.67455	0.73176	0.99127	0.98669	0.99538
0.88531	1.6189	0.81694	0.65664	1.0649	0.89648	0.89746	1.0011
0.89946	1.6503	0.8754	0.78685	1.1824	1.1867	1.0633	0.89598
0.8341	1.5187	0.83461	0.78305	0.99816	0.96273	1.0122	1.0514
0.96127	0.75004	0.85361	0.87933	0.50722	0.89892	0.92966	1.0342
0.90416	0.66974	0.8311	0.69051	0.69524	1.1148	1.0387	0.93174
0.85017	1.057	0.84663	0.83773	0.78865	0.91845	0.95669	1.0416
0.93763	0.15496	0.82754	0.67406	0.32548	0.94159	0.91487	0.97162
0.86526	1.3223	0.87011	0.64568	0.54694	1.1166	1.0227	0.91591
0.8088	0.47772	0.83412	0.47586	0.47321	0.96444	0.97886	1.0149
0.87071	1.2128	0.82209	0.55045	0.4422	0.89401	0.89919	1.0058
0.96882	0.93488	0.88272	0.50909	0.55803	1.183	1.0656	0.90075
0.87033	1.887	0.89887	0.79162	0.99081	0.96732	1.023	1.0576
0.9351	0.66398	0.86328	0.38976	0.49032	0.84234	0.88521	1.0509
1.0607	1.5561	0.95349	0.64419	0.87008	0.96257	0.86957	0.90338
1.025	0.15744	0.94093	0.47409	0.22276	0.99167	0.87446	0.88181
1.139	0.17773	0.96543	0.85437	0.4432	0.98319	0.88664	0.9018
1.1319	1.0292	0.99963	0.39463	0.73753	1.0028	0.9128	0.91021
0.97388	0.79965	0.98204	0.14474	0.40103	1.1335	1.031	0.90956
1.1659	1.3058	1.0061	1.0134	1.6859	1.0376	1.0855	1.0462
1.0508	1.3636	0.99136	0.50438	1.1918	1.2971	1.3664	1.0534
1.0773	1.09	1.0307	1.2361	1.5659	0.91806	1.2087	1.3166
1.184	1.2095	1.021	0.84564	0.31815	0.98986	1.1513	1.1631
1.0934	0.24612	1.054	1.1396	1.1998	1.0102	1.1182	1.1069
0.99052	1.0598	0.94112	0.61123	-0.13197	0.9432	1.0217	1.0832
1.1963	0.35736	1.0591	0.9558	0.39747	1.0215	1.0096	0.98831
0.98914	1.5448	1.0362	0.93209	0.71223	0.95789	0.95288	0.99476
1.1617	0.79556	1.014	0.97679	0.60711	0.91648	0.87261	0.95213
1.1829	1.6982	1.0709	0.75221	0.70037	1.0624	0.95039	0.89461
1.1053	0.67132	1.0718	1.1011	0.89394	0.97517	0.9422	0.96619
1.2054	0.817	1.0612	1.0174	0.72582	0.9375	0.90377	0.96402
1.1911	0.44984	1.0668	1.1136	1.3818	1.1481	1.0458	0.91088
1.0896	0.70477	1.0607	1.165	0.81017	0.91613	0.96873	1.0574
1.0953	1.9938	1.0086	0.78726	0.30411	0.89437	0.89019	0.99533
1.2432	0.4052	1.0864	1.0599	0.44008	1.0577	0.95611	0.90391
1.0404	0.34465	0.99873	0.76713	0.52736	1.1266	1.0654	0.94573
0.99682	1.5582	0.92889	0.55444	0.50022	0.90088	0.96948	1.0761
1.1337	1.2197	0.99125	0.52369	0.55373	1.1222	1.0794	0.96179
1.022	0.63308	1.0064	1.0609	1.421	1.1133	1.1653	1.0468
0.93455	1.2663	0.90251	0.51523	0.5198	0.87867	1.0286	1.1707
1.1428	1.0649	1.0069	0.83807	0.50553	0.96437	0.99	1.0266
0.96561	1.3862	0.97045	0.8249	0.72631	1.0785	1.0421	0.96625
0.9518	1.3401	0.93656	1.0022	1.1452	0.90578	0.9387	1.0363
1.0793	1.222	0.94247	0.69376	0.20091	1.0095	0.95472	0.94578
0.98001	1.2402	0.94506	0.99135	1.3783	1.0023	0.9519	0.94968
0.90558	0.69608	0.86104	0.6634	0.12871	0.89019	0.86616	0.973
0.96095	1.7602	0.89013	0.39765	0.2595	1.0814	0.96374	0.89123
0.93211	0.4418	0.91749	0.66928	0.73947	1.1893	1.1326	0.95233
0.87368	0.20199	0.84001	0.67054	0.18523	0.93878	1.055	1.1239
1.0561	0.18396	0.9127	0.66881	-0.18636	0.94783	1.009	1.0645
0.87211	1.6329	0.89927	0.82044	1.2098	1.0665	1.0632	0.99686
0.93223	-0.20923	0.87902	0.77844	0.30097	0.93333	0.9903	1.061
1.0036	0.31201	0.87939	0.41308	-0.10655	0.93779	0.93429	0.99627
0.91044	1.8829	0.90832	0.6009	0.72709	1.0614	0.97738	0.92081
0.91132	1.432	0.88353	0.83819	0.89971	1.0486	1.0131	0.96617
1.0057	1.199	0.88126	0.63951	0.48741	0.89845	0.93188	1.0372
0.87658	1.6415	0.89759	0.54843	0.62164	1.1622	1.079	0.92843
0.90304	0.45619	0.89193	0.84945	0.71645	0.89429	0.96852	1.083
1.0021	1.3069	0.89764	0.55443	0.74334	1.026	1.0026	0.97719
0.85435	1.4856	0.89488	0.72546	0.90956	1.0714	1.0647	0.9937
0.91567	0.5687	0.88873	0.82014	0.60872	0.91828	0.97211	1.0586
1.0813	0.16594	0.91724	0.86447	0.7442	1.0187	0.98948	0.97128
1.0022	0.36025	0.96623	1.0418	0.95411	1.0253	1.0165	0.99145
0.93479	1.4389	0.90896	1.1164	1.16	0.93274	0.94572	1.0139
1.0496	0.0074167	0.9076	0.62373	0.031152	0.93269	0.9039	0.96913
0.89557	1.4241	0.92161	0.74756	0.38157	1.0876	0.9834	0.90417
0.9281	0.98665	0.91985	0.75888	0.53376	1.0735	1.0498	0.97798
0.94058	1.1857	0.85627	0.60349	0.16139	0.92494	0.98415	1.064
0.94566	1.8849	0.89102	0.5825	0.63438	1.0549	1.0336	0.97983
0.82959	1.6581	0.87485	0.61913	0.40997	1.0204	1.0498	1.0288
0.87748	1.5025	0.8381	0.57766	0.4874	0.91131	0.96649	1.0606
1.0586	0.12287	0.92437	0.61065	0.42951	1.0097	0.97618	0.96677
0.86783	1.8825	0.90239	0.78949	1.4402	1.0193	0.98487	0.96624
0.90612	0.6578	0.89372	0.82075	0.75865	0.96927	0.95794	0.98832
1.0016	0.608	0.87085	0.62233	0.85465	0.94878	0.92619	0.97619
0.89366	1.114	0.88455	0.4576	0.16427	1.0823	1.0018	0.92564
0.88244	1.4983	0.87523	0.86146	0.59792	0.99287	1.0018	1.009
0.93421	0.60423	0.85039	0.56136	0.0063327	0.91388	0.93484	1.0229
0.89694	0.70515	0.88891	0.17021	0.14108	1.1361	1.0547	0.92831
0.8186	1.5046	0.86978	0.45985	0.6725	1.0046	1.0528	1.048
0.92487	0.89161	0.83502	0.68391	0.57017	0.91743	0.97264	1.0602
1.03	0.86135	0.91082	0.77432	1.1641	1.0725	1.0372	0.96706
0.91538	0.09821	0.89406	0.67026	0.5549	1.0606	1.0785	1.0169
0.97684	1.2391	0.87601	0.91768	0.88935	0.87253	0.94778	1.0862
1.0541	1.0549	0.9351	0.72803	0.53676	1.063	1.0063	0.94665
0.89301	1.3578	0.91003	0.83015	1.0103	0.91232	0.91721	1.0054
0.8764	1.6889	0.8228	0.43918	0.5784	0.9039	0.85086	0.94132
1.062	1.6272	0.93039	0.56607	0.50117	1.0144	0.88554	0.873
1.0545	0.31037	0.96562	0.72716	0.4162	1.0028	0.90105	0.8985
0.998	0.046603	0.91125	0.61043	0.62661	0.97175	0.89993	0.9261
1.1106	0.54007	0.94743	0.70592	0.5829	1.2384	1.1251	0.90855
0.93608	0.37328	0.92076	0.72023	1.0271	1.223	1.3219	1.0809
0.94447	0.64518	0.85343	0.65856	0.21312	0.93474	1.2107	1.2952
0.90191	1.7553	0.88559	0.63983	0.68738	1.0164	1.1899	1.1707
0.9654	0.16701	0.91627	0.96562	0.85436	0.96364	1.1038	1.1455
1.0419	1.074	0.93039	0.83944	0.51798	0.92662	0.99718	1.0761
1.0084	0.62268	0.93542	0.94037	1.1985	1.086	1.0458	0.96296
0.92823	1.4007	0.91886	1.0048	0.63831	0.87917	0.90027	1.024
1.1153	0.50949	0.97135	0.94079	-0.11517	0.98341	0.88794	0.90292
0.93727	0.92049	0.94406	0.47399	0.69784	1.0506	0.95457	0.90859
0.95634	1.229	0.96902	0.91115	0.65705	1.0665	1.0242	0.96035
0.99636	0.79424	0.90421	0.42023	-0.35266	0.87097	0.91474	1.0503
1.114	0.11791	0.99953	0.78101	0.2691	1.1407	1.0479	0.91863
0.95155	0.42936	0.97128	0.64713	0.46744	0.97835	1.0223	1.045
0.92626	1.8304	0.89975	0.25545	0.24764	0.89602	0.93588	1.0445
1.2413	0.47645	1.0572	0.91539	0.8523	1.0815	1.0075	0.93157
1.0322	0.36248	1.0364	0.81362	0.48139	1.0205	1.0188	0.99829
1.1199	-0.12157	1.0272	1.2672	1.1168	0.87696	0.90479	1.0317
1.2425	0.13218	1.0543	0.88613	0.3787	1.051	0.96572	0.91884
1.1171	0.00158	1.0526	1.0826	0.78096	1.0461	1.0026	0.95842
1.0682	0.45667	1.0241	0.90389	0.48521	0.94664	0.96425	1.0186
1.1427	0.96196	1.0394	0.65048	-0.070039	1.0025	0.97905	0.97666
1.0788	1.0479	1.0545	0.59445	0.82618	1.1711	1.1218	0.95785
1.0068	1.7689	1.0269	0.75979	0.85035	1.0355	1.1422	1.1031
1.1057	0.91163	0.99902	0.56914	-0.16453	0.88105	1.0092	1.1455
1.115	0.8733	1.0385	0.67655	0.88268	1.0915	1.0752	0.98507
1.0531	0.20819	1.0124	0.80016	0.37526	0.97484	1.0328	1.0594
0.95623	1.5118	0.91023	0.12213	-0.45339	0.92043	0.95138	1.0336
0.99299	1.9634	0.97939	0.58488	0.53046	1.0654	1.0003	0.93885
0.98184	0.41952	0.9656	0.67938	0.47666	1.0395	1.0216	0.98276
1.0514	1.2061	0.94404	0.61688	0.37984	0.84599	0.88277	1.0435
1.0485	1.5384	0.96247	0.64731	0.4105	1.1397	1.017	0.89235
1.0285	0.42894	0.97038	0.95764	1.173	0.98468	0.99778	1.0133
1.0248	0.64312	0.9232	0.73443	0.43586	0.89556	0.91228	1.0187
1.1265	1.8259	0.97964	0.8828	1.2259	1.1042	1.0131	0.91747
0.84619	1.5895	0.90634	0.48542	0.56316	0.99551	1.0043	1.0088
0.94451	1.2105	0.89984	0.91991	0.89864	0.90971	0.9275	1.0196
1.0757	0.76073	0.93083	0.64773	0.4821	0.96774	0.91981	0.95047
0.95907	0.74494	0.90978	0.71451	0.70937	1.1641	1.0543	0.90566
0.87961	1.0991	0.874	0.61147	0.21405	1.0264	1.0793	1.0515
1.0029	0.11659	0.87036	0.55646	-0.05973	0.88412	0.96487	1.0913
0.97223	0.5397	0.90473	0.51646	0.57998	1.1189	1.0616	0.94876
0.91182	1.1549	0.89507	0.81641	0.79653	1	1.0567	1.0567
0.98313	0.083147	0.86898	0.54336	0.022578	0.87202	0.93244	1.0693
0.94947	1.4088	0.87885	0.58128	0.7008	1.1443	1.0496	0.91728
0.89931	0.65265	0.89639	0.65395	0.43922	0.98696	1.0174	1.0308
0.98061	0.21633	0.8583	0.50344	0.13781	0.88106	0.91013	1.033
1.0272	0.43252	0.91171	0.57078	0.59602	1.145	1.0445	0.9122
0.96483	0.15898	0.94011	0.82507	0.5816	0.97162	1.0054	1.0347
0.90595	1.7719	0.84409	0.80551	1.0044	0.90562	0.92564	1.0221
1.0881	0.92442	0.9454	0.56018	0.44765	1.0347	0.97005	0.93748
0.96256	1.1949	0.95639	0.98852	1.3502	1.1367	1.08	0.95016
0.90107	1.2236	0.90554	0.86222	0.92969	0.91772	0.99828	1.0878
1.1047	0.93291	0.94867	0.88149	0.41322	0.98621	0.99162	1.0055
0.93333	1.8654	0.94212	0.81109	1.2349	1.0396	1.0174	0.97861
0.96855	-0.46191	0.92225	0.98092	0.24835	0.97085	0.99483	1.0247
1.0408	0.40653	0.90595	0.55447	-0.19964	0.90531	0.91455	1.0102
1.0244	1.1789	0.97998	0.77965	0.19058	1.1046	1.0014	0.90662
0.95152	0.25552	0.92035	0.68326	0.38824	0.98152	0.98067	0.99913
0.91221	1.3255	0.85297	0.17558	-0.090952	0.90588	0.91178	1.0065
1.1139	0.18775	0.97317	0.9414	1.0848	1.0805	0.99077	0.91694
0.93569	1.2799	0.92947	0.61015	0.8402	1.0072	1.0009	0.99373
1.0514	1.4395	0.9322	0.86863	1.1765	0.92124	0.93889	1.0192
1.0217	1.4814	0.9479	0.37972	0.22034	1.0285	0.97633	0.94928
1.011	-0.113	0.9735	0.79839	0.34864	1.1209	1.0768	0.96068
0.98176	0.45864	0.95058	0.8015	0.4894	0.94831	1.0246	1.0804
1.0381	1.485	0.93313	0.47454	-0.086187	0.9763	1.0043	1.0286
0.84358	1.9795	0.9182	0.46945	0.76127	1.0534	1.0423	0.98949
0.98497	1.2434	0.95662	0.88354	0.77777	1.0461	1.0781	1.0306
1.0481	0.4059	0.92934	0.71464	0.22142	0.89207	0.96572	1.0826
0.95948	1.3164	0.91782	0.51129	0.49238	1.1975	1.1233	0.93804
0.86823	1.8248	0.91059	0.65874	0.7911	0.96082	1.0582	1.1013
1.0304	0.2534	0.87725	0.63296	0.23172	0.88841	0.94845	1.0676
1.0692	1.4473	0.9564	0.57717	0.62328	1.0966	1.0306	0.93984
0.91176	1.0969	0.92204	0.63543	0.54063	1.0551	1.0671	1.0114
0.90186	0.37538	0.85415	0.41632	0.27529	0.90605	0.96686	1.0671
1.0241	0.58664	0.9181	0.3317	-0.18228	1.053	1.0173	0.96605
0.92373	1.1619	0.95397	0.76414	0.66099	1.0394	1.0371	0.99782
0.90916	0.03896	0.88065	0.62079	0.58969	0.91579	0.96292	1.0515
1.0579	0.60145	0.9338	0.68202	0.60884	0.95632	0.93378	0.97643
1.0454	0.51142	0.98003	0.85624	0.89153	1.1106	1.0233	0.92137
0.91004	0.62764	0.8993	0.77885	1.0202	0.98485	1.0075	1.023
1.0308	0.85626	0.9254	0.77859	0.43947	0.9033	0.9275	1.0268
1.0301	1.7781	0.96377	1.0228	1.629	1.09	1.007	0.92386
0.9152	1.1491	0.91476	0.85146	0.76929	1	1.0096	1.0096
0.99657	0.45134	0.86847	0.68041	0.30409	0.89509	0.9229	1.0311
0.98608	0.31443	0.91201	0.56921	0.30632	1.0823	0.99914	0.92317
0.87151	1.6901	0.88787	0.77885	0.63081	1	0.99399	0.99399
0.84215	1.6125	0.80902	0.36848	0.14458	0.90553	0.91822	1.014
1.0819	0.7708	0.94512	0.69444	0.71662	1.1323	1.0428	0.92091
0.86155	0.77038	0.89427	0.59256	0.64535	1.018	1.0486	1.0301
0.87373	1.4102	0.8651	0.62238	0.92326	0.94481	0.99651	1.0547
1.0579	0.49547	0.90177	0.78198	0.73727	0.91822	0.9299	1.0127
0.95683	1.0244	0.90949	0.75042	0.73722	1.1196	1.0292	0.9193
0.89754	0.98577	0.87777	0.91956	0.85272	0.96591	0.99678	1.032
1.0298	-0.014813	0.88215	0.69741	0.013634	0.93647	0.94341	1.0074
0.96793	1.2885	0.91692	0.86505	0.6371	1.1055	1.0286	0.93045
0.82034	1.6252	0.84795	0.48136	0.13302	1.0182	1.0464	1.0277
1.0028	-0.32235	0.88484	0.9827	0.085668	0.90848	0.9636	1.0607
0.98178	1.0439	0.87998	0.30407	0.23744	1.0442	1.0071	0.96445
0.91729	0.22943	0.88952	0.6979	0.59941	1.0424	1.0344	0.99241
0.89884	1.4634	0.86581	0.70775	0.70152	0.91422	0.95547	1.0451
1.1037	1.0418	0.96161	0.81742	0.71673	1.0099	0.96948	0.96
0.9753	0.96101	0.95967	0.82938	1.0655	1.066	1.022	0.95869
0.91726	0.96907	0.87349	0.62907	0.60832	0.86927	0.90453	1.0406
1.0876	1.1075	0.93901	0.57153	0.31386	0.95778	0.88889	0.92807
1.0486	1.7464	0.98794	0.59595	0.46822	0.97521	0.88114	0.90355
0.98902	1.4413	0.96056	0.57723	0.71089	0.9661	0.87384	0.9045
1.2128	1.8338	1.0489	0.88297	0.8961	1.0175	0.917	0.90119
1.216	0.48292	1.092	0.72328	0.75934	1.0029	0.93691	0.93423
0.95759	1.7287	0.98762	0.57872	0.61255	1.0086	0.96339	0.95518
1.0795	1.7546	1.0241	0.69392	1.0325	0.98011	0.97458	0.99435
1.1105	0.46658	1.0362	0.82677	0.95926	1.0116	0.99643	0.98501
1.2838	0.32415	1.0741	1.2547	0.96361	1.086	1.0759	0.99077
1.0956	2.1867	1.0692	0.91851	1.5884	1.3852	1.4052	1.0144
1.0224	1.3089	0.99721	1.0666	0.93517	0.88571	1.1954	1.3496
1.2151	0.58608	1.017	0.84186	0.27722	0.98495	1.1372	1.1546
1.0986	0.40287	1.0332	1.0966	0.8156	1.0983	1.1919	1.0853
0.98363	1.3867	0.96784	0.71628	0.18869	0.91252	1.0543	1.1553
1.2612	0.82787	1.0866	1.3428	0.62129	0.99564	1.017	1.0214
1.0837	0.29927	1.0254	0.79816	0.25779	1.1072	1.0789	0.97441
1.0295	1.8543	1.0058	1.1791	1.2035	0.93281	0.98205	1.0528
1.0712	1.7191	0.96802	0.69897	0.30012	0.86017	0.87171	1.0134
1.185	0.57171	1.0514	1.1965	0.23587	0.94089	0.83887	0.89157
0.98816	0.43953	0.96883	0.72242	-0.0052973	0.97382	0.83666	0.85915
0.97039	0.31978	0.94246	0.33288	1.6169	0.90591	0.79505	0.87762
1.2203	0.31818	1.0585	0.99746	0.82801	1.0297	0.8466	0.8222
1.062	0.36375	1.0429	0.95855	0.78665	0.98271	0.86247	0.87765
1.0855	0.83512	0.97367	0.47563	0.10012	1.0088	0.91703	0.90903
1.0751	1.397	1.0036	0.57699	0.82315	1.0552	1.0041	0.95159
0.97867	1.6711	0.96005	0.68465	1.2885	1.0468	1.0607	1.0133
1.0784	0.62761	0.92724	0.87981	1.0019	1.0763	1.131	1.0508
1.0667	0.89972	0.94672	0.71228	0.73078	1.2958	1.3897	1.0724
0.9006	1.638	0.90065	0.81447	0.66466	0.9434	1.2446	1.3192
1.0357	1.0979	0.89384	0.82947	0.47004	0.944	1.1309	1.198
0.96569	1.8002	0.90339	0.84937	1.2331	1.0763	1.1592	1.077
0.86042	0.13791	0.83645	0.58482	0.066135	0.93307	1.0429	1.1177
1.0265	0.48507	0.86992	0.86395	0.78302	0.96414	0.98016	1.0166
0.97962	0.41697	0.90703	0.88608	0.88693	1.0394	0.99346	0.95582
0.92555	1.0257	0.8674	0.92162	0.91052	0.97053	0.95125	0.98014
1.0271	0.77558	0.89904	0.61058	-0.25682	1.0521	1.0125	0.96242
0.95589	0.19209	0.90515	0.89907	1.0405	0.98351	1.0018	1.0186
1.0142	0.63873	0.88775	0.75708	-0.10029	0.89727	0.90943	1.0135
1.0158	1.2176	0.91253	0.82634	1.2636	1.1215	1.0276	0.91624
0.91362	0.85514	0.90217	0.70055	0.31784	0.96667	0.99598	1.0303
1.0309	1.314	0.91526	0.73857	0.95948	0.9181	0.92208	1.0043
0.93079	1.7669	0.94372	0.75348	0.88323	1.1127	1.0263	0.92233
0.94	1.2891	0.92107	0.88341	0.92804	0.90928	0.94079	1.0347
1.0217	1.4859	0.92558	0.60464	0.58794	0.90719	0.87595	0.96556
1.0966	0.41384	0.97902	0.92199	0.96455	1.1074	0.98214	0.88687
0.91979	1.5682	0.90872	0.72316	0.99548	1.0092	0.98869	0.97964
1.003	0.97276	0.88616	0.60715	-0.083582	0.93822	0.94634	1.0087
1.0948	0.73818	0.9789	0.81291	0.52981	1.1268	1.067	0.94688
1.0214	0.32645	0.96401	0.91057	0.99465	0.99784	1.054	1.0563
1.0267	1.0627	0.92437	0.54177	-0.03638	0.90239	0.96716	1.0718
1.0744	0.77803	0.98133	0.70174	0.68202	1.0913	1.0485	0.96074
0.956	0.55721	0.92167	0.51004	0.41196	0.94934	0.98402	1.0365
1.0559	0.58179	0.93935	0.34442	-0.15105	0.94432	0.93617	0.99137
1.0178	2.0389	0.97897	0.57751	1.0527	1.1523	1.0689	0.92764
0.98327	1.1706	0.96955	0.74273	0.42151	1.0021	1.0532	1.051
1.1237	1.5448	0.98427	0.80302	0.61796	0.88085	0.94037	1.0676
1.0729	0.67038	0.98522	0.58836	0.63518	1.1377	1.0668	0.93771
1.0274	1.5385	1.0033	0.93244	1.3132	0.95541	1.0095	1.0566
1.0911	1.3113	0.94561	0.53628	0.5012	0.89333	0.9152	1.0245
1.1321	0.63175	1.0307	0.91425	1.2572	1.0746	0.98321	0.91494
1.0035	1.7202	0.98508	0.78815	0.79353	0.9213	0.90816	0.98574
1.0833	1.7333	0.95638	0.66298	0.51777	0.96985	0.90213	0.93018
1.0784	0.34886	0.98619	0.60445	0.59015	1.1218	1.023	0.91199
1.0206	0.29779	0.97216	0.76292	0.40006	1.1109	1.1144	1.0032
1.0406	1.0153	0.92585	0.69408	0.37793	0.842	0.9566	1.1361
0.9888	2.1884	0.94438	0.5255	0.56844	1.1333	1.0813	0.95406
0.97778	1.7671	0.96538	0.85828	0.68371	1.0044	1.0674	1.0628
1.0126	1.2129	0.89045	0.67194	0.7291	0.90456	0.96977	1.0721
1.1484	2.1051	1.0128	0.73806	0.64676	0.96163	0.93175	0.96892
0.98457	0.50601	0.96682	0.58733	0.42099	0.94264	0.88035	0.93392
1.1872	0.15779	0.97087	0.79591	0.58512	0.91799	0.8289	0.90296
1.1577	1.7835	1.031	0.77934	0.58186	0.98559	0.85234	0.8648
1.0301	1.9746	1.0104	0.64247	0.38223	0.99123	0.8626	0.87023
1.0673	1.6211	1.0039	0.50771	0.27359	1.0088	0.90387	0.89594
1.0031	1.5493	0.95423	0.58438	0.99153	1.0643	0.99386	0.93379
1.1229	1.7085	0.96623	0.51331	0.99846	1.3956	1.3452	0.96392
0.90874	1.8548	0.94325	0.78193	0.52479	1.0177	1.3185	1.2955
0.96795	0.87631	0.86716	0.76972	1.2174	0.89555	1.1496	1.2837
1.1876	-0.2268	0.96902	1.1353	0.56761	1.0994	1.2033	1.0946
0.93836	1.1068	0.94062	0.90331	1.0078	0.98035	1.1274	1.15
0.93793	0.061432	0.84832	0.62624	-0.18296	0.93186	1.0145	1.0886
1.1143	0.0090002	0.93395	0.89966	0.7893	1.0108	0.99078	0.98024
0.9355	0.54766	0.92278	0.66635	0.24673	1.0298	0.98902	0.96041
0.91816	0.39245	0.86016	0.72681	0.83424	0.92355	0.92787	1.0047
1.078	1.0736	0.94174	0.72935	0.27599	1.0201	0.96177	0.94279
0.90475	1.4535	0.92936	0.82538	1.4497	0.97368	0.94118	0.96661
0.85888	0.87288	0.84319	0.4451	0.43735	0.97297	0.93481	0.96078
1.0782	1.6022	0.94143	1.0743	1.4034	0.95139	0.91106	0.95761
0.98998	0.9189	0.94831	0.83361	1.063	1.0925	0.99972	0.91511
0.98462	1.17	0.93819	1.0629	1.2337	0.98441	0.99187	1.0076
1.0948	0.32987	0.93718	0.93274	0.49512	0.91629	0.92943	1.0143
1.0119	0.83189	0.94766	0.6246	0.57099	1.1432	1.0577	0.92519
0.98325	0.97812	0.96019	0.81619	0.84494	0.9676	1.0258	1.0601
0.90743	1.5744	0.90684	0.74666	0.57776	0.9308	0.96222	1.0337
1.0432	0.47386	0.92431	0.62048	0.35488	0.97602	0.94596	0.9692
1.0982	0.29961	0.98528	0.94396	0.2311	0.96069	0.91409	0.95149
1.3323	-0.12093	1.1597	0.9866	0.45917	0.96164	0.89818	0.93401
1.1922	0.50634	1.1159	0.9903	1.2527	1.0851	0.98462	0.90739
1.2319	1.8084	1.0796	1.0646	1.5084	0.94608	0.93689	0.99029
1.3102	1.3647	1.1408	0.91893	1.3843	1.1114	1.0521	0.94666
1.1857	0.59421	1.1065	0.89296	1.2685	1.0163	1.0732	1.056
1.0622	0.84647	1.0001	0.51256	0.36946	0.92431	0.99629	1.0779
1.2107	1.3061	1.0671	0.77967	0.66211	0.98015	0.98015	1
1.135	1.9925	1.0624	0.71238	1.0751	0.99494	0.97458	0.97954
1.0725	0.56594	0.98073	0.51768	1.0005	0.9313	0.91045	0.97761
1.1128	1.4916	0.97423	0.82903	0.31584	1.0027	0.92472	0.9222
1.1831	0.82681	1.0266	0.75723	0.56631	1.0054	0.93477	0.9297
1.0703	0.86715	0.99388	0.84576	0.96507	1.0596	1.0026	0.94615
0.98088	0.98879	0.93113	0.56151	0.93762	0.94118	0.96461	1.0249
1.1104	1.1424	0.97199	0.59954	0.83538	0.97826	0.95713	0.9784
1.1549	0.010473	0.98948	0.91984	0.70375	1.0889	1.0432	0.95808
0.90581	1.33	0.88756	0.48928	0.65089	0.96684	1.0134	1.0481
0.91995	0.915	0.84602	0.36087	-0.021597	0.96834	0.98096	1.013
1.0425	1.3168	0.91846	0.56213	0.30685	0.9891	0.97156	0.98227
0.91271	1.6184	0.91215	0.56524	0.74484	1.0386	1.0063	0.96897
0.98842	-0.31284	0.92704	0.98659	0.60409	0.98674	0.99933	1.0128
0.89246	1.6022	0.84634	0.57018	0.45274	0.91398	0.92203	1.0088
1.0631	0.00902	0.93238	0.76456	-0.078837	1.0706	0.98578	0.92079
0.98553	0.92833	0.93824	0.56701	1.2164	0.97253	0.97119	0.99863
1.0773	0.21669	0.96889	0.99574	0.35935	0.9435	0.93069	0.98642
1.1593	1.6766	1.0585	1.0057	0.29432	1.0599	0.9909	0.93492
1.0792	0.35247	1.0143	0.57687	0.55031	0.98305	0.97925	0.99613
0.91335	1.4122	0.89947	0.43344	0.62733	1.0345	1.0191	0.98514
1.0607	0.67236	0.90412	0.91326	0.91921	1	1.0235	1.0235
1.0362	0.85072	0.93221	0.45266	0.27149	1.0194	1.0334	1.0137
0.94869	0.059808	0.90067	0.43684	0.35389	1.0681	1.0931	1.0234
0.87058	1.0686	0.84623	0.33167	0.82132	0.96173	1.0429	1.0844
1.0032	1.5996	0.88132	0.58517	1.0412	0.99469	1.0228	1.0283
1.0127	0.9223	0.90528	0.78824	1.0813	1.176	1.1682	0.99338
0.86222	1.474	0.84953	0.55569	0.64555	1.0567	1.188	1.1243
1.0002	1.0824	0.86484	0.8621	0.78956	0.9721	1.1216	1.1538
0.97821	-0.055941	0.87454	0.78954	0.65215	1.0817	1.1663	1.0783
0.97241	-0.048653	0.88894	1.0497	0.91608	0.95306	1.0795	1.1326
1.0008	0.57523	0.87143	0.63055	0.19004	0.85439	0.92042	1.0773
0.96797	1.7024	0.89041	0.81418	0.43545	1.0927	0.98894	0.90502
0.86101	1.8571	0.84861	0.67527	1.1763	0.99541	0.96821	0.97267
1.0153	0.23057	0.87658	0.6314	0.12915	0.95622	0.93258	0.97528
0.94345	0.28228	0.86053	0.46373	0.0097565	1.147	1.0667	0.92997
0.93802	0.30859	0.89834	0.6579	0.37024	0.95588	1.019	1.0661
0.97486	1.559	0.89744	0.46297	0.59267	1.0154	1.0429	1.0271
0.95593	1.2614	0.9297	0.65483	-0.017461	0.93939	0.98889	1.0527
0.89294	1.4279	0.86118	0.60305	0.53918	0.92627	0.9152	0.98805
1.1326	0.53517	0.97156	0.70853	0.78147	1.092	0.99858	0.91442
1.0804	0.63372	0.9753	0.78307	1.2468	1.0752	1.0622	0.9879
0.90815	1.1821	0.89348	0.41017	0.22468	1.0424	1.0837	1.0396
1.1821	0.41211	0.9925	0.69731	0.079789	0.96951	1.0504	1.0834
1.0258	0.79357	0.98937	0.62354	0.23647	1.0231	1.0649	1.0409
0.92652	1.3312	0.89779	0.56204	0.0234	0.78689	0.85619	1.0881
1.1624	1.1835	0.99725	0.79842	0.31855	1.0026	0.8703	0.86804
1.2121	0.5407	1.0248	0.89025	0.87632	1	0.8745	0.8745
1.0308	1.4106	0.93729	0.66902	0.86416	0.96623	0.86136	0.89146
1.2829	1.8227	1.0455	1.0618	1.9509	1.0618	0.93546	0.88099
1.1215	1.8343	1.0366	0.87975	1.4364	1.2101	1.1367	0.93936
0.9903	1.9833	0.95958	0.81549	0.96571	1.0356	1.1709	1.1307
1.13	2.0567	0.99547	0.71007	0.84821	1.0566	1.2245	1.1589
1.015	1.8758	0.98915	0.93342	1.4324	0.96941	1.1458	1.1819
1.1193	0.91185	0.98576	0.81494	0.52479	0.92899	1.0392	1.1186
1.1424	0.19796	0.98722	0.82594	1.1509	1.0488	1.0581	1.0088
1.0079	1.1656	0.96644	0.86939	0.96983	0.93522	0.96627	1.0332
1.0886	1.3971	0.95116	0.80956	0.80266	0.90693	0.87088	0.96025
1.1605	1.9317	1.0151	0.97697	0.8594	1.0907	0.95507	0.87565
1.0244	1.4824	0.97095	0.97871	1.3185	0.96718	0.93669	0.96848
1.0515	0.26854	0.89874	0.71111	0.3608	0.92081	0.88986	0.96638
1.2455	0.4535	1.0093	1.144	0.88607	1.0123	0.9248	0.91358
1.0763	0.84306	0.99012	0.97522	0.91646	1.0583	0.98838	0.93398
0.94654	1.1387	0.89127	0.45862	1.1158	0.83028	0.85252	1.0268
1.0228	1.6449	0.90793	0.63573	0.95522	1.0525	0.91918	0.87334
1.0508	1.3368	0.96637	0.88628	1.3039	1.0131	0.9406	0.92842
1.0081	0.50164	0.93237	1.036	1.3321	0.92487	0.89727	0.97015
1.1104	1.6628	0.98155	0.60269	0.9068	0.9944	0.91731	0.92248
1.0738	1.1173	0.99435	0.84023	0.43835	1.0451	0.96993	0.9281
1.0262	0.94458	0.95306	0.82357	1.2006	0.99191	0.97613	0.98408
1.0292	0.98574	0.90913	0.31827	0.78879	1.0326	1.027	0.99459
1.0399	0.92707	0.92072	0.42911	1.2168	1.1816	1.1789	0.9977
0.94508	1.3969	0.90642	0.57886	0.96675	1.0468	1.199	1.1454
1.1013	1.6395	0.94513	0.89512	0.98296	1.017	1.1846	1.1648
0.95984	1.7947	0.94764	0.70916	0.67266	0.98326	1.1254	1.1446
0.89696	1.6695	0.86203	0.75221	0.83367	0.9383	1.0295	1.0972
1.0149	1.879	0.89854	0.46004	0.32465	0.97506	0.9868	1.012
1.0663	0.28993	0.93323	0.85553	1.1378	1.1349	1.0826	0.95397
0.99582	0.14271	0.92603	0.85414	0.52209	0.95902	1.0135	1.0568
1.0834	1.1669	0.91948	0.80362	0.49995	0.8953	0.91485	1.0218
0.99334	0.72882	0.90844	0.4801	0.58455	1.0931	1.0033	0.91785
1.025	0.084125	0.90467	0.93151	1.0033	0.92576	0.94275	1.0183
1.0822	1.4351	0.92503	0.76922	0.71685	0.94104	0.90502	0.96172
1.0066	1.5428	0.97119	0.63822	0.30152	1.1028	0.9983	0.90528
0.9424	1.5373	0.92569	0.78612	0.85537	0.99773	0.99349	0.99576
1.0852	1.1663	0.94979	0.70182	0.52845	0.94305	0.95695	1.0147
1.0115	1.3447	0.94307	0.50696	1.0713	1.1063	1.0617	0.95972
1.0115	1.2613	0.96467	0.81858	0.90241	1.0524	1.0973	1.0427
1.0639	0.34169	0.92377	0.72988	0.0014922	0.80705	0.90334	1.1193
1.239	0.97158	1.0498	0.71597	0.59386	0.92802	0.85393	0.92017
1.1927	0.69198	1.0445	0.98753	0.74198	1.0055	0.8679	0.86312
1.0253	1.7568	0.97837	0.72737	0.96515	0.98072	0.87308	0.89025
1.1999	0.59505	1.0277	0.53949	0.83541	1.0534	0.93809	0.89056
1.1029	0.83851	1.0185	0.42509	1.4672	1.064	1.0028	0.94251
1.0215	1.8285	0.98587	0.49334	1.669	1.2331	1.2235	0.99223
1.2333	0.11491	1.027	1.0931	0.84137	1.0183	1.2386	1.2163
0.96729	1.8109	0.96732	0.62052	0.8805	1.006	1.2032	1.1961
1.0319	0.52563	0.91798	0.47744	0.21934	0.95238	1.1066	1.162
1.1249	0.73178	0.99784	0.94661	0.73613	1.0458	1.1128	1.064
0.98014	0.42423	0.92725	0.59208	0.54651	0.94223	1.0156	1.0778
0.97033	1.6764	0.87663	0.51922	0.3009	0.926	0.92478	0.99868
1.0922	1.7137	0.97641	0.67963	0.6064	1.0183	0.93014	0.91345
0.97773	0.7315	0.97412	0.64329	0.62592	1.0336	0.96925	0.93771
0.90094	1.8005	0.88049	0.51519	0.59174	0.88503	0.87931	0.99353
1.0623	1.8966	0.95369	0.61915	0.70381	1.0637	0.95332	0.89621
1.078	0.42196	1.0012	1.1211	1.6229	1.0346	0.99474	0.96151
0.95727	0.64016	0.92358	0.6607	0.58515	0.93987	0.9561	1.0173
1.0306	1.6613	0.89187	0.75662	1.0545	0.91232	0.89457	0.98054
1.2056	0.43988	1.0001	0.84023	0.1868	0.96364	0.87915	0.91232
0.96913	1.2279	0.93708	0.34293	0.055651	1	0.89912	0.89912
1.0714	0.79419	0.94516	0.76636	0.74241	0.95418	0.88666	0.92924
1.065	0.67003	0.94268	0.39711	0.57174	1.065	0.95353	0.89535
1.0342	0.35986	0.94294	0.90726	1.2555	1.1141	1.067	0.95776
1.0888	1.0074	0.94162	0.65147	0.99947	1.0143	1.0902	1.0749
1.0738	0.90105	0.98612	0.8762	1.2492	1.2488	1.3152	1.0532
0.96443	0.38805	0.93301	0.847	1.0276	0.88722	1.1363	1.2808
1.1144	0.69621	0.94369	1.0366	0.75333	0.97669	1.0806	1.1064
0.99691	0.69214	0.96041	0.77363	0.81637	1.0564	1.104	1.0451
1.0035	0.74477	0.90665	1.0647	1.1052	0.92813	0.99697	1.0742
1.0308	1.3033	0.91657	0.82913	0.46394	0.94912	0.93286	0.98288
0.98819	0.92407	0.93828	0.94384	1.0632	1.0676	0.98574	0.92333
0.93089	0.67411	0.87565	0.82205	0.78504	0.91266	0.90159	0.98787
1.0542	1.3815	0.90078	0.8072	0.67121	0.97129	0.9065	0.9333
0.98859	0.38455	0.90986	0.67272	0.32459	1.1305	1.0286	0.9098
0.92642	0.9233	0.88847	0.78437	0.98245	1.0632	1.0853	1.0209
0.96326	1.1918	0.86272	0.58665	0.27617	0.8791	0.96977	1.1031
1.109	0.30439	0.96758	1.001	0.53583	1.1212	1.0785	0.96188
0.95595	1.1125	0.92136	0.84195	0.14852	0.9106	0.97959	1.0758
1.0587	1.0815	0.93317	0.73131	-0.0061592	1.0525	1.0302	0.97877
0.86863	1.6797	0.88121	0.55054	0.39009	1.0065	1.0237	1.0171
1.008	1.398	0.88005	0.65745	0.84761	0.92457	0.94053	1.0173
1.0078	1.9017	0.93447	0.45771	0.24943	1.1678	1.0859	0.92983
0.95171	1.5989	0.93979	0.93297	0.64798	0.97206	1.0558	1.0862
1.1016	0.11822	0.95703	0.97902	-0.18443	0.86653	0.91664	1.0578
1.0789	0.9516	0.95309	0.39622	-0.25652	1.0829	0.99918	0.92266
0.98974	0.10097	0.96501	0.79513	0.35428	0.96718	0.96533	0.99809
1.1138	1.2477	0.95953	0.91137	0.55878	0.84615	0.83669	0.98881
1.2049	0.93792	1.0452	0.72502	0.36087	0.96791	0.83362	0.86126
1.1781	0.29162	1.0839	1.1103	0.86228	1.0166	0.86258	0.84852
1.1815	0.39726	1.0037	1.035	1.1657	0.97554	0.87802	0.90003
1.302	0.42308	1.0897	1.2005	1.1402	1.0752	0.97413	0.90599
1.0833	0.90306	1.0168	0.71239	1.0434	1.342	1.2688	0.9455
1.0741	1.269	0.9756	0.855	0.12729	0.90541	1.1446	1.2642
1.1233	1.0534	1.0255	0.77023	0.81617	1.0618	1.195	1.1254
0.94418	2.1302	0.95148	0.82252	1.0689	0.93173	1.0841	1.1636
1.1602	0.32707	0.98351	0.9768	0.17037	0.9569	1.0131	1.0588
1.0952	0.65171	1.025	0.97147	0.94337	1.0856	1.0652	0.98122
1.0351	0.46513	0.97056	0.96541	0.92414	0.89004	0.93008	1.045
1.1228	1.0213	0.94865	0.74294	0.32615	0.95804	0.88506	0.92382
1.1711	1.5857	1.0498	1.1522	1.2806	1.1265	1.012	0.89836
0.9334	1.1325	0.92288	0.68259	0.47834	0.97408	0.99066	1.017
1.1344	0.63107	0.96558	0.86688	0.33438	0.96231	0.97037	1.0084
1.0429	0.15816	0.95201	0.57389	0.32894	1.0829	1.0491	0.96875
0.94832	0.34607	0.91426	0.57414	-0.15384	0.97447	1.0183	1.045
1.0543	0.31831	0.89416	0.60728	-0.14726	0.9083	0.94224	1.0374
0.99093	1.2188	0.93168	0.61423	0.50765	1.1034	1.0309	0.93431
0.99333	0.032708	0.90462	0.73468	0.41538	0.93246	0.95669	1.026
1.0717	1.475	0.91929	0.70473	0.45944	0.96729	0.93824	0.96997
1.0329	0.36033	0.94033	0.63258	0.98954	1.0676	1.0043	0.94064
0.95303	1.4891	0.90249	0.69922	0.94644	0.95023	0.95808	1.0083
1.0377	1.3654	0.91076	0.63857	0.71713	0.96429	0.94131	0.97618
0.97764	1.4534	0.93544	0.62398	0.70173	1.1136	1.0504	0.94323
1.013	1.2641	0.95019	1.0361	0.95827	0.93348	0.97907	1.0488
1.0286	1.0823	0.90099	0.42603	0.27414	0.97862	0.97141	0.99263
0.93672	1.9395	0.92432	0.68987	0.75314	1.1311	1.0866	0.96065
0.86288	0.89792	0.86182	0.45514	0.37975	0.95494	1.0283	1.0768
1.0306	0.74112	0.89966	0.58917	-0.20453	0.9573	0.98897	1.0331
1.0006	0.87096	0.93387	0.4698	0.33554	1.0822	1.0576	0.97734
0.97991	0.85625	0.92056	0.83738	0.93898	0.99566	1.037	1.0415
0.99771	1.9465	0.90739	0.57462	0.31033	0.88671	0.93108	1.05
0.97583	2.0224	0.96169	0.63636	0.85483	1.1106	1.0249	0.9229
0.98131	0.27037	0.9222	0.63274	0.39342	0.91372	0.93624	1.0247
1.0801	2.1284	0.97675	0.63116	1.0251	0.94673	0.90562	0.95657
1.1592	0.72908	1.0303	0.91192	1.011	1.0972	0.99825	0.90983
1.0832	0.18964	0.99085	0.88426	0.66602	0.99301	0.99127	0.99825
1.1163	0.96206	0.95575	0.82069	0.76449	0.94366	0.95176	1.0086
1.1593	0.40624	1.0133	0.83625	0.70468	1.1592	1.101	0.94979
1.1121	1.2442	1.0467	1.1133	1.2888	1.03	1.1101	1.0778
1.1241	0.7634	0.9785	0.91007	0.58253	0.85833	0.96402	1.1231
1.1732	1.2488	1.0333	0.78261	0.1613	1.1092	1.0557	0.95178
1.0661	0.6847	1.0201	0.81565	0.59316	1.046	1.0772	1.0299
1.0687	1.0333	0.97081	0.93474	0.85971	0.89121	0.96081	1.0781
1.1235	1.8886	0.99734	0.47152	0.20855	0.99765	0.95883	0.96108
0.9669	2.0194	0.98203	0.67926	0.68852	1.1035	1.0385	0.94105
0.99844	0.12192	0.94413	0.75899	0.21493	0.90618	0.95185	1.0504
1.0555	1.5609	0.95173	0.45301	0.29704	0.90353	0.88377	0.97814
1.032	1.0905	0.99753	0.45497	0.62679	1.0599	0.93806	0.88505
1.1054	0.18064	1.0001	1.0553	0.72294	1.0172	0.96616	0.94982
1.0646	0.6146	0.93209	0.67215	1.2176	0.74155	0.75407	1.0169
1.2355	0.029716	1.0355	0.97623	0.37685	1.1433	0.88246	0.77184
1.0456	0.27769	0.99597	0.65041	0.60899	1.037	0.93303	0.89971
1.0942	2.0489	0.95723	0.69545	1.6585	1.0852	1.0371	0.95569
1.1403	0.34025	0.99494	0.87656	1.517	1.3873	1.383	0.99685
0.96492	0.69591	0.95828	0.83193	0.40383	0.90146	1.2049	1.3366
1.078	1.0171	0.93065	0.7486	0.53597	1.0283	1.202	1.1689
0.91747	1.8934	0.90776	0.73011	1.0117	0.99213	1.1616	1.1708
0.93369	0.10559	0.83948	0.57941	0.18166	0.92857	1.0308	1.1101
0.97111	1.9875	0.8919	0.54591	0.65841	1.0577	1.0487	0.99153
0.83624	0.84478	0.8549	0.31779	-0.17089	0.96768	0.98484	1.0177
0.80868	1.438	0.79045	0.41577	-0.032274	0.91649	0.8925	0.97382
0.99293	1.8569	0.86891	0.65227	0.46668	1.0023	0.91978	0.91769
0.96532	0.092227	0.90899	0.70028	0.74142	1.0159	0.94603	0.93122
0.84499	1.6717	0.85001	0.70341	0.29638	0.95526	0.92349	0.96675
1.0417	1.1187	0.89574	0.80524	0.91843	0.9719	0.91967	0.94626
0.91251	0.46145	0.87143	0.50924	0.5368	1.0675	0.98856	0.92608
0.92974	1.2679	0.87539	0.83757	1.001	1.0248	1.0248	1
0.91791	1.6168	0.83762	0.58312	0.23372	0.9185	0.95807	1.0431
1.0365	1.4016	0.90157	0.84723	1.1384	1.1247	1.0683	0.94989
0.91443	0.76003	0.8901	0.68538	0.72718	0.97655	1.038	1.0629
0.96004	1.5884	0.83839	0.73949	1.1938	0.89956	0.94306	1.0484
1.086	0.36445	0.93895	0.82836	0.45457	1.0485	0.98743	0.94171
0.93267	1.7175	0.92558	0.89196	1.1031	0.96991	0.95662	0.9863
1.0258	0.13081	0.88214	0.73325	0.38355	0.93795	0.91025	0.97047
1.0333	0.24945	0.91702	0.75727	0.79649	1.0891	0.99883	0.91715
0.85076	0.60445	0.84512	0.37454	0.12112	0.96495	0.96495	1
1.1155	0.65247	0.93975	0.86212	0.66708	0.98789	0.97056	0.98246
0.96787	1.4989	0.92344	0.48707	1.3204	1.1103	1.0792	0.97201
0.91632	1.0251	0.90228	0.51064	0.73775	0.97351	1.0416	1.07
1.0984	0.075228	0.93075	0.75107	0.29505	0.95465	0.99763	1.045
1.0218	0.80948	0.94807	0.63592	0.7822	1.0808	1.0668	0.9871
0.99426	1.2728	0.94257	1.0127	0.93761	0.94505	0.99739	1.0554
1.0013	1.7362	0.89334	0.58717	0.51214	0.90698	0.91469	1.0085
1.1084	0.070684	0.97707	1.0171	1.1544	1.1205	1.0178	0.9083
0.91808	1.855	0.90353	0.79016	0.69369	0.92677	0.94406	1.0186
1.1512	-0.0022448	0.96126	0.90685	0.06211	0.98272	0.94285	0.95943
1.104	0.386	1.0015	0.73043	0.91567	1.0678	1.0116	0.94734
0.97726	1.1769	0.95503	0.63472	0.63695	0.95294	0.96861	1.0164
1.1482	0.94955	0.97976	0.80864	0.65557	0.91111	0.9058	0.99417
1.1345	0.44389	0.9831	0.37401	0.41892	0.98374	0.90977	0.92481
1.2355	0.12181	1.0851	1.1639	1.315	1	0.91754	0.91754
1.1681	0.51106	1.0101	0.6109	0.46703	0.9697	0.91429	0.94286
1.1937	2.1616	1.0949	0.64404	0.71849	1.071	0.9882	0.92267
1.1099	0.55894	1.0419	0.64062	1.0982	1.2944	1.2425	0.9599
1.1486	1.3504	1.0076	0.97251	1.1066	0.97131	1.1883	1.2234
1.1578	0.38059	1.0158	0.6461	0.42557	1.057	1.2193	1.1536
0.95308	1.4455	0.97285	0.77137	0.82311	0.97605	1.1482	1.1764
1.0402	1.6637	0.92574	0.72474	0.50609	0.8773	0.98819	1.1264
1.1712	1.2816	1.0214	0.79611	0.14985	1.0956	1.0503	0.95866
0.95307	1.4479	0.95125	0.70437	0.57947	0.98511	1.0035	1.0187
1.0857	0.19131	0.92536	0.87787	0.57401	0.91793	0.90933	0.99064
1.1841	0.16989	0.99528	0.69023	0.0012334	1.0212	0.9422	0.92266
0.99392	1.0558	0.97577	0.77651	0.70523	1.0806	1.0196	0.94348
0.974	0.195	0.90913	0.62672	0.0029246	0.90832	0.94535	1.0408
1.155	0.21204	0.96747	0.65064	-0.041212	0.94366	0.91416	0.96873
0.99856	1.1871	0.99578	0.65204	1.1786	1.1095	1.0093	0.90976
0.91975	1.2172	0.92065	0.59724	0.36733	0.97085	0.99028	1.02
1.1617	-0.23208	0.94993	0.87583	0.27969	0.92841	0.9357	1.0079
1.0105	0.28568	0.95057	0.53677	0.68873	1.0871	1.0136	0.93244
0.99427	0.3534	0.94861	0.96194	1.0334	0.93822	0.95766	1.0207
1.1125	0.89639	0.94179	0.81477	0.64866	0.97805	0.95562	0.97706
0.97914	1.9542	0.95086	0.62764	0.44695	1.0823	1.0318	0.95334
0.94153	1.1114	0.92012	0.63167	0.88484	0.99078	1.0139	1.0233
1.032	0.51129	0.89472	0.55402	0.46897	0.96744	0.98959	1.0229
1.1105	0.5897	0.96489	0.62903	0.65557	1.1226	1.0998	0.97969
0.85077	1.6847	0.88525	0.33803	0.45976	1.0578	1.1327	1.0708
1.0045	0.53973	0.88855	0.70844	0.22819	0.89474	1.012	1.1311
1.0322	1.6991	0.94102	0.33846	0.27545	0.97285	0.97894	1.0063
1.0117	1.1577	0.97085	0.72361	0.78842	1.014	0.98281	0.96929
0.95866	1.695	0.93072	0.77055	0.85965	0.95183	0.94051	0.9881
1.233	0.79872	1.0307	1.0625	1.5697	1.0289	0.96853	0.94131
1.0022	1.8243	0.98353	0.82034	0.9731	1.1382	1.0809	0.94968
1.0605	0.65606	0.97908	1.0912	1.6119	0.94033	1.0192	1.0839
1.0776	1.0187	0.97053	0.65547	0.58247	0.96718	1.0003	1.0342
1.055	1.9585	1.014	0.8498	1.5278	1.0294	1.0259	0.99662
0.98514	1.2164	0.94589	0.74452	0.32302	0.96923	0.99129	1.0228
1.2324	0.064169	1.0231	1.1976	0.67883	0.92517	0.92438	0.99915
1.0768	1.3523	1.0299	0.79934	0.76674	1.0956	1.0036	0.91608
1.0012	0.57718	0.95225	0.65338	0.31935	1	0.99805	0.99805
1.1097	0.72613	0.94777	0.57229	0.28506	0.91723	0.93527	1.0197
1.0813	0.51392	1.01	0.54603	0.12086	1.0512	0.99052	0.94226
1.0236	1.1845	0.98776	0.76744	0.55535	1.0093	1.0017	0.99252
1.1241	1.0052	0.97601	0.98185	0.71091	0.91724	0.93388	1.0181
1.1972	1.8347	1.0376	0.80113	1.3399	1.0827	1.0138	0.93634
1.0276	0.81173	1.008	0.78346	0.48374	1.0671	1.0653	0.99827
1.0299	1.1786	0.95335	0.94075	0.80655	0.90456	0.97203	1.0746
1.1936	1.026	1.0256	0.77811	0.97209	0.93285	0.92235	0.98874
1.0149	1.8289	1.0117	0.75539	0.98374	1.0823	0.99498	0.91935
0.96229	0.66064	0.95482	0.53465	0.89436	0.97862	0.9792	1.0006
1.1457	0.11452	0.96334	0.97877	0.60507	0.98058	0.96912	0.98831
1.1147	0.46672	0.98531	0.78473	0.67579	1.0223	0.98656	0.96506
0.95365	1.2487	0.94975	0.58694	0.64772	0.97579	0.97108	0.99518
0.98367	0.7956	0.92174	0.67817	0.60362	0.90571	0.90571	1
1.1124	0.72994	0.94349	0.62813	0.59468	0.92329	0.85751	0.92875
1.1279	1.7855	1.0209	0.73724	0.44617	1.0297	0.89491	0.86912
0.97597	1.8202	0.96944	0.58267	0.408	0.95677	0.88151	0.92134
1.038	0.79735	0.9721	0.5249	0.38729	1.0271	0.92726	0.90279
1.0581	0.27815	0.95457	0.86335	0.81319	1.0411	0.98168	0.94297
1.1569	1.0578	0.99869	0.70309	0.89295	1.0197	1.019	0.9993
1.0476	1.2791	0.97332	0.66623	0.72035	1.1133	1.1344	1.019
1.0212	0.0054814	0.93493	0.591	0.67001	1.0149	1.1337	1.1171
0.9565	1.0697	0.8605	0.44078	0.68546	0.9291	1.0379	1.1171
1.1131	0.52206	0.94047	0.67572	1.426	1.0368	1.0591	1.0215
1.0846	1.6871	0.96745	0.71901	1.3239	0.97716	1.0168	1.0406
1.0195	1.5778	0.90202	0.63383	0.30899	0.94286	0.95182	1.0095
1.1307	0.062998	0.95144	0.33408	-0.15411	0.97796	0.93084	0.95182
1.2037	1.0334	0.96666	0.43619	0.54343	1.262	1.1425	0.90532
1.062	0.87481	1.0119	0.82843	0.91352	0.89955	1.0277	1.1425
0.98943	0.51794	0.92988	0.69062	0.79712	0.94541	0.98038	1.037
1.0066	0.12638	0.89874	0.69091	0.81737	1	0.98006	0.98006
0.99765	-0.010454	0.87576	0.63936	0.34407	1.0184	1	0.98196
1.0364	0.56578	0.84006	0.69313	0.47528	0.95619	0.96052	1.0045
1.0412	1.1754	0.90648	0.60913	0.56902	1	0.95804	0.95804
0.9683	0.93596	0.8994	0.74798	0.88938	1.0216	0.97117	0.95067
0.95705	0.44303	0.85206	0.843	1.1982	0.98153	0.97702	0.9954
0.89914	1.785	0.77799	0.42061	0.48873	0.92473	0.92133	0.99632
0.97272	1.3827	0.8512	0.3251	-0.19025	1.0087	0.94006	0.93193
