0.93198	2.5267	1.0637	0.83004	1.1687	1.0631	1.0083	0.94849
0.67867	-0.35032	0.92446	1.143	0.86127	0.96575	0.97691	1.0115
1.3141	0.59781	1.0475	0.88262	1.0326	1.0426	1.017	0.9755
1.1512	5.1313	0.93715	1.1077	0.85237	0.95465	0.98049	1.0271
1.4287	1.8483	1.0348	0.87057	1.0662	1.0641	1.0413	0.9785
1.1852	-3.1596	1.0363	1.2791	0.82743	0.95982	0.99739	1.0391
0.9997	7.5854	0.96595	0.85096	1.1353	1.0302	1.0255	0.99537
1.1827	-0.062362	1.063	1.133	0.97098	0.97743	0.99626	1.0193
0.97051	-2.2153	1.0102	1.238	0.8609	1.0162	1.0118	0.99569
1.3632	4.6436	1.0636	1.0498	1.1043	0.97045	0.98076	1.0106
0.73904	-2.1595	1.0176	1.1521	1.0438	1.0234	1.0049	0.98189
1.3824	-0.44516	1.1038	1.0773	1.0707	0.95881	0.96405	1.0055
0.76068	1.9298	0.98923	0.93249	1.0961	1.043	1.0087	0.96711
0.41431	-3.7733	1.1176	0.69532	1.0745	0.97941	0.98845	1.0092
1.3376	7.446	0.93775	1.2917	0.88486	1.028	1.017	0.98931
0.9797	0.12052	1.1172	1.1389	1.0973	0.96818	0.98668	1.0191
0.71298	-0.80389	0.96284	1.1594	0.96742	1.0117	1.0009	0.98926
1.6029	0.30174	1.1051	1.0824	1.0455	1.007	1.0058	0.99884
0.79414	-1.0993	0.97785	1.1604	0.9729	1	1.0067	1.0067
0.82093	0.74502	1.1132	0.96566	1.0924	0.98157	0.98611	1.0046
0.85565	-0.195	0.98535	0.87323	1.0859	0.99531	0.98519	0.98983
0.60551	1.4062	1.018	0.69609	1.0832	1.0259	1.0087	0.98319
0.60793	0.84796	1.0507	0.98447	1.0372	0.98851	1	1.0116
0.95527	9.6374	0.83496	1.0878	1.0094	0.99302	0.99273	0.99971
1.0795	-1.852	1.0175	1.1486	0.95509	1.0632	1.0485	0.98614
1.0596	5.6403	1.0036	1.0742	0.99724	0.96476	1.0104	1.0473
1.0434	8.5556	0.86125	1.1786	0.99903	1.0183	1.0253	1.0069
0.97717	6.6516	0.93952	1.0969	1.0563	1.009	1.0274	1.0183
0.88133	-5.7531	1.0855	1.1505	0.96212	1.0044	1.0238	1.0193
0.80091	2.2164	0.98169	0.72481	1.0698	0.95575	0.97931	1.0247
0.48489	-4.4181	0.99802	0.84716	0.99446	1.0417	1.0144	0.9738
1.2011	-6.2483	1.0923	1.02	0.96876	0.97778	0.98821	1.0107
1.1072	4.4744	0.89679	0.96393	0.97712	1.0182	1.0079	0.98988
0.98011	0.61898	1.0384	1.0135	1.0324	0.99554	1.0011	1.0056
1.511	3.6224	0.95936	1.0094	0.82714	0.96861	0.97352	1.0051
0.98962	-0.96239	0.96561	1.0188	0.95543	1.0486	1.02	0.9727
1.2178	-1.6683	1.011	1.0673	0.93178	0.99117	1.0118	1.0208
1.1122	0.66277	0.93167	1.1971	0.75007	1.0134	1.0188	1.0053
1.1301	8.2122	0.99286	0.7361	1.1853	0.98681	1.0056	1.019
0.87409	-0.30591	0.92358	0.87952	0.93798	0.95546	0.96377	1.0087
1.0282	0.70583	1.0008	0.88033	1.0417	1.0326	0.99663	0.96513
1.1084	6.2278	0.97195	0.89672	1.089	0.99097	0.98957	0.99859
1.0477	4.3927	1.0188	0.77387	1.1678	1.0364	1.019	0.9832
0.66382	-2.7266	0.82496	1.1537	0.75672	0.95385	0.9772	1.0245
0.55148	-11.567	1.0909	0.8313	1.013	1.0968	1.0637	0.96983
0.92039	-1.541	1.0437	0.89309	1.0282	0.97689	1.0362	1.0607
1.5339	1.395	1.0029	0.98617	0.93384	0.97204	1.0064	1.0353
0.47003	-0.71826	0.93112	0.8205	0.94797	0.96903	0.97279	1.0039
1.4396	4.7365	1.0317	0.86385	1.1194	0.99543	0.97024	0.97469
1.0114	-0.85566	0.9068	1.092	0.86123	0.9633	0.9396	0.97539
1.1263	6.4332	1.0178	0.90101	1.1573	1.0262	0.97072	0.94595
0.67996	1.9159	0.92625	0.92749	0.94498	0.95824	0.93571	0.97649
0.79562	-4.0486	1.0255	0.82991	1.0704	1.0726	1.0132	0.94454
0.94921	-2.3127	1.0458	0.95526	1.0417	1.0316	1.0476	1.0155
1.1174	4.2741	0.92625	1.0684	0.83936	0.92998	0.98181	1.0557
0.93807	-1.2568	0.9332	1.0568	0.90346	1.0541	1.032	0.97898
0.98259	-0.563	0.95662	0.98548	0.9272	0.92188	0.95768	1.0388
0.99468	-0.26005	0.94063	0.92215	0.98227	1.0557	1.0063	0.95326
1.0298	-2.0639	1.014	0.90426	1.0088	1.0252	1.027	1.0017
0.91106	-1.5737	1.0142	0.9881	0.9939	0.95973	0.98113	1.0223
1.1906	-0.62375	0.92989	1.1359	0.85764	1.0186	1.0011	0.98282
0.69154	2.6378	1.0405	0.59909	1.0847	0.98627	0.99481	1.0087
0.65179	-4.9337	0.95983	0.96556	0.94448	1.0116	1.0032	0.99166
1.1781	-0.22335	1.015	0.86218	1.1006	1.0138	1.0187	1.0049
1.0264	5.0709	1.0065	0.78624	1.1378	1.0068	1.0163	1.0094
0.78464	-4.781	0.99739	0.94594	1.0133	0.99551	1.0097	1.0142
0.77329	-6.6168	1.0575	0.9894	1.0111	0.97743	0.99085	1.0137
1.3322	3.7656	1.0056	0.91363	1.0966	1.0139	1.0017	0.98802
0.91033	0.68488	0.9338	0.90996	1.0294	1.0023	1.0031	1.0009
0.92503	-6.6465	1.0582	1.0081	1.0136	1.0136	1.0125	0.99886
1.0885	1.6764	1.0005	1.0723	1.0032	0.94843	0.96383	1.0162
0.92587	0.682	1.0367	0.64378	1.1059	1.0024	0.97109	0.96879
1.0638	6.5194	0.99005	1.1318	1.0786	1.033	1.0052	0.97303
1.1834	10.852	0.93036	1.0247	1.135	1.0457	1.0466	1.0009
0.99062	1.1326	1.0511	0.86167	1.0979	0.97598	1.0174	1.0424
0.69688	-6.4733	0.96339	1.1762	0.90588	1.0022	1.017	1.0148
1.3105	2.2015	1.0287	0.88667	1.1214	1.0134	1.0266	1.013
1.2053	1.6574	0.96166	0.96898	0.986	0.96035	0.98866	1.0295
1.4916	-2.0092	1.0114	1.0288	0.9153	1.0436	1.0225	0.97978
0.81758	-0.70881	1.0341	0.96997	0.97494	0.98901	1.0039	1.0151
0.93428	6.0075	0.96143	0.99518	1.0382	0.98	0.983	1.0031
0.82661	0.06831	0.90421	1.2397	0.88318	1.034	1.017	0.98355
0.90791	0.048728	0.94468	0.73605	1.0051	1.0175	1.03	1.0122
0.87454	-1.9798	0.9455	0.93251	0.89874	0.97414	1.0022	1.0288
0.99306	-1.8305	0.87018	1.2956	0.68393	0.9469	0.95589	1.0095
1.2047	-0.31798	0.99111	0.98906	0.97358	1.035	0.98746	0.95403
0.81104	-5.1086	0.97304	0.97802	0.94479	0.94808	0.94541	0.99719
0.87104	-3.002	0.86044	1.1123	0.7951	1.0548	0.99915	0.94728
0.71211	-4.5478	0.98038	0.81819	0.96854	0.95937	0.9629	1.0037
0.68651	0.59514	0.92276	0.80608	0.99521	1.0188	0.98746	0.96921
1.2713	3.8517	0.89692	0.90267	1.015	0.99076	0.98819	0.99741
0.51549	2.0919	1.0378	0.86973	1.0355	1.042	1.0311	0.98962
0.84888	3.2178	0.8971	0.97761	0.96565	0.93736	0.96907	1.0338
1.2465	5.6271	1.0525	1.0167	1.0007	1.0668	1.0326	0.96795
0.74949	1.974	1.0264	0.97714	0.98758	0.98434	1.0106	1.0267
1.1165	6.7025	0.91124	1.0857	0.98637	0.99091	1.0035	1.0127
1.0889	6.3332	0.91754	1.0046	0.9449	1.0252	1.0223	0.99714
0.69949	-0.61956	0.89517	1.1337	0.84684	0.94855	0.9722	1.0249
0.9066	2.425	0.98735	0.93884	1.0042	1.0354	1.0037	0.96942
1.2425	5.3392	1.0481	1.001	1.0267	1.0228	1.026	1.0031
0.94863	7.2622	0.86372	1.0285	0.95793	0.96882	0.98948	1.0213
1.3092	2.2335	1.0371	0.9725	1.0043	1	0.99287	0.99287
0.64651	1.6891	1.068	0.72096	1.028	0.96322	0.96211	0.99885
0.87118	0.28857	0.99965	1.0642	0.9931	1.0501	1.0092	0.96101
0.96399	-4.3477	1.0842	1.1423	0.94555	0.96364	0.97893	1.0159
0.91858	1.7703	0.93463	0.97411	0.99228	1.0259	1.0012	0.97583
1.2622	3.6091	1.0999	0.85579	1.1758	0.98621	0.99019	1.004
1.1488	1.317	0.94483	1.0292	0.94755	1.0093	1.0041	0.99478
1.2246	5.498	1.0708	0.71208	1.2144	1.0254	1.0269	1.0014
1.2271	5.0844	1.0112	0.96519	1.0847	0.96847	0.99595	1.0284
0.68616	0.19293	1.0012	0.82409	1.0426	1.0349	1.023	0.98851
1.0644	-0.71409	1.0577	1.0182	1.0482	0.94157	0.96907	1.0292
0.78846	4.0207	0.94471	1.0332	0.97344	1.0048	0.97454	0.96991
1.4496	2.274	1.0527	0.99727	1.0132	1.0404	1.013	0.97369
0.52231	-1.5718	0.94277	1.065	0.88425	0.97945	0.99219	1.013
1.4104	-3.0688	1.0514	0.9727	0.86801	1.0396	1.0276	0.98848
0.98375	5.49	0.8715	1.0418	0.89786	0.92825	0.96223	1.0366
0.6256	-2.8329	0.87613	0.78491	0.90414	1.0556	1.0136	0.96028
0.75089	-7.0626	0.96055	0.90177	0.88997	1.0183	1.0322	1.0136
0.98691	2.6209	0.87298	0.93774	0.92032	0.97753	1.0043	1.0274
1.0015	5.2811	0.99399	0.74063	1.1328	0.9954	0.99626	1.0009
0.99648	-1.8539	0.96982	1.0009	0.93483	0.98614	0.98557	0.99942
0.61656	4.5708	0.96875	0.74076	1.0404	1.0445	1.0244	0.98076
0.6036	2.1919	1.04	0.86748	1.0364	0.9417	0.97194	1.0321
1.1524	4.9617	0.90606	1.0429	0.87598	1.0405	1.0046	0.96552
1.2812	-0.52355	1.0634	1.118	0.97512	0.96568	0.97431	1.0089
1.1279	1.4606	0.92305	1.0421	0.88637	1.0095	0.98897	0.97969
1.1366	-4.2956	1.0743	0.86644	1.072	1.0305	1.018	0.98783
0.86902	-2.6297	0.94102	1.0024	0.92309	0.97039	0.98983	1.02
0.84456	-4.3405	1.048	0.84903	1.0439	1.0164	1.0043	0.98811
0.827	7.7331	0.93654	0.86414	1.0945	0.94919	0.96309	1.0146
1.0867	-0.044484	0.98763	1.0205	0.99413	1.0706	1.025	0.95748
1.1087	-1.5432	1.0427	1.0519	0.97504	0.975	1.0018	1.0274
0.75044	-1.7803	0.87839	1.0971	0.82711	1.0093	1.0079	0.99855
1.2441	4.4652	0.98284	0.82534	1.0735	0.96998	0.97931	1.0096
1.0152	-2.9278	0.95017	1.1502	0.87224	1.0024	0.98682	0.98447
0.24083	-3.0687	0.86521	0.5402	0.80519	1.0309	1.0149	0.98451
0.71451	3.6603	0.76919	0.79654	0.78421	0.95392	0.97354	1.0206
0.88106	-4.5792	0.79677	1.0535	0.68233	1.0749	1.0361	0.96391
1.0633	-0.63063	0.95399	1.0268	0.9121	0.94157	0.98155	1.0425
0.921	1.1341	0.86865	0.88475	0.947	1.0167	0.99883	0.98242
0.9309	-1.4701	1.0288	0.75346	1.0668	1.0188	1.0173	0.99854
0.45995	-2.9408	0.90851	0.76625	0.89527	1.0023	1.0152	1.0128
1.2954	2.5691	1.0317	0.9242	1.1041	0.9954	1.007	1.0116
0.74343	6.8979	0.8935	0.95793	1.0285	0.99538	1.0032	1.0079
0.95011	5.3517	1.0262	1.0097	1.0423	1.0371	1.0305	0.99366
1.2412	2.2301	1.0483	1.1465	1.0283	0.96197	0.99566	1.035
0.99757	7.5556	0.7779	1.0296	0.83999	1.0279	1.0167	0.98907
1.0948	4.0183	0.89932	0.91713	0.90412	0.98643	1	1.0138
1.1499	6.2716	0.91932	1.141	0.88779	0.97018	0.97325	1.0032
0.94459	-2.0633	1.009	1.1488	0.88863	1.0567	1.0249	0.96991
1.133	1.3622	1.0459	1.0007	1.0196	0.99329	1.0149	1.0217
1.3061	5.7195	0.9439	1.1332	0.82524	0.97297	0.98715	1.0146
1.0356	4.3406	1.0079	0.79157	1.1471	1.0139	1.0034	0.98969
1.3888	0.88711	1.0992	1.0658	1.074	1.0183	1.0171	0.99886
1.0674	-1.9168	1.0145	1.2958	0.72959	0.97758	0.996	1.0188
1.4471	6.9225	1.0855	0.97605	1.1229	1.0344	1.0259	0.99175
1.7151	8.3853	1.0306	1.0849	1.0158	0.94457	0.96818	1.025
0.96233	-0.80502	1.0381	1.1703	0.94036	1.0164	0.98802	0.97205
0.85065	-3.3332	0.99951	1.0781	0.95133	0.99307	0.98511	0.99198
0.94815	6.49	0.72193	0.87935	0.82573	0.99302	0.97964	0.98652
1.1023	-6.0932	0.91931	0.96268	0.78173	1.0445	1.0209	0.9774
0.95918	-1.2949	0.97986	1.1094	0.89439	0.9574	0.98274	1.0265
1.107	3.5808	0.9617	1.0156	1.0576	1.0375	1.0175	0.98076
0.93903	-7.9722	1.1008	0.99302	1.038	1.0203	1.0379	1.0172
0.94412	-0.069004	0.97309	1.1159	0.97963	1.0243	1.052	1.027
1.3386	4.7762	1.1136	0.9528	1.2104	0.94816	0.99575	1.0502
1.2432	7.9108	1.0198	1.0065	1.1013	1.0091	1.0011	0.99209
1.0239	6.2307	0.98659	1.1757	1.0263	1.0045	1.0006	0.99607
1.3129	7.426	1.0841	1.1589	1.1633	0.97303	0.97715	1.0042
1.1946	9.828	1.0056	0.93626	1.2075	1.037	1.007	0.97112
0.97182	-1.7889	1.0956	1.2194	1.0115	0.97327	0.98175	1.0087
0.84967	5.6281	0.98921	1.1186	1.0975	1.0481	1.0272	0.9801
1.0544	-0.056807	1.099	0.94933	1.1485	1.0066	1.0345	1.0278
1.2004	4.7914	0.92551	1.1518	0.92752	0.97397	1.0048	1.0316
1.2208	0.43657	1.0976	1.2127	0.97847	0.98664	0.99133	1.0048
0.75086	0.51348	1.1071	0.74123	1.0932	0.99323	0.98599	0.99272
0.95104	4.5261	0.9258	0.96053	0.98138	1.0136	0.99581	0.98242
1.166	-1.1691	1.0888	1.0308	1.0276	0.97982	0.979	0.99916
1.0331	8.591	0.88495	1.0706	0.94548	1	0.979	0.979
1.0877	3.0885	1.0624	0.92319	1.088	0.99771	0.98281	0.98507
1.0178	-1.1972	1.0162	1.2239	0.81275	0.99083	0.98182	0.99091
0.97956	-0.70521	0.9825	1.141	0.95876	1.037	1.0185	0.9821
1.3005	4.6695	1.0496	0.99779	0.9768	0.98438	1.0031	1.0191
1.4506	5.6157	0.88037	0.98228	0.73343	1.0113	1.0128	1.0014
1.1364	6.993	1.0074	0.89402	1.0975	0.96637	0.9829	1.0171
1.4493	7.7625	0.98093	0.94246	1.0033	1.0046	0.98858	0.98402
1.0924	-0.82592	0.95135	1.1843	0.77228	1.0092	0.99772	0.98858
0.72666	-0.51904	1.0502	0.84997	1.0319	1	0.99743	0.99743
0.50495	-2.3207	0.95357	0.94781	0.96117	0.98627	0.98402	0.99772
0.83916	-4.2997	0.9885	1.1674	0.92696	1.007	0.99484	0.98797
1.1254	-0.67483	1.0259	0.92107	1.0485	1.0323	1.0249	0.99285
1.1476	3.0701	0.98966	0.91919	1.0427	0.98661	1.0123	1.0261
1.1172	-3.393	0.92648	1.3122	0.69687	1.009	1.0171	1.008
1.482	1.3262	1.0529	1.0351	0.98778	0.97758	0.99345	1.0162
1.1422	2.3249	0.98167	1.0872	0.96847	0.97706	0.97371	0.99657
1.4095	3.4495	0.93612	1.0722	0.87975	1.0235	0.99686	0.97399
1.0247	0.4457	1.0864	0.90038	1.115	1.0069	1.0014	0.99458
1.279	5.6578	0.99641	1.0357	1.0042	0.95216	0.95789	1.006
0.49207	-2.8455	0.94192	0.67329	0.97491	1.0311	0.99252	0.96258
0.92155	3.7151	1.0354	0.72436	1.1533	1.0255	1.0178	0.99252
0.65732	-1.6362	0.98388	0.94807	0.97132	0.95475	0.97855	1.0249
0.52327	2.8271	0.91154	0.8658	1.0113	1.0687	1.0413	0.97431
0.88877	-3.5491	1.0396	1.1207	0.9885	0.95787	0.99568	1.0395
0.43347	4.5455	0.83576	0.9633	0.88981	0.97454	0.97454	1
1.192	-0.12484	1.0372	1.002	0.91823	1.0285	1.0041	0.97623
1.2956	-0.42435	0.96669	1.0252	0.80911	0.99076	0.99162	1.0009
1.7442	2.0739	1.0352	0.83368	0.88953	0.99301	0.98611	0.99306
0.92105	1.6043	0.98076	1.0203	1.0046	0.94836	0.94558	0.99707
1.3146	10.97	0.99577	0.86578	1.165	1.0446	0.98771	0.94558
1.5815	1.0485	1.0356	0.96959	0.82625	0.96682	0.96711	1.0003
0.90951	0.48516	1.003	0.8646	1.0787	1.0686	1.0323	0.96597
0.8932	0.19519	1.0925	0.84583	1.1234	0.93807	0.97178	1.0359
1.0158	3.322	0.94704	0.89234	1.0154	1.0562	1.0267	0.97207
1.2907	-0.63476	1.0495	1.0106	0.99365	0.9838	1.0113	1.028
0.88746	-4.1766	0.94371	1.0826	0.84444	0.97412	0.98866	1.0149
1.0906	4.2926	1.0286	0.58799	1.181	1.0024	0.9878	0.98542
0.694	-1.7116	0.91618	1.056	0.84275	0.97831	0.971	0.99253
1.5	-0.53881	1.0308	0.82943	1.054	0.98522	0.95895	0.97333
0.70134	2.0978	0.8675	1.1539	0.75076	1.0225	0.98852	0.96677
1.1561	1.6175	1.0179	0.88245	1.0798	0.95355	0.94804	0.99423
1.0817	2.8189	0.90209	0.96406	0.90335	1.0103	0.96895	0.95911
0.5543	-2.9716	1.0289	0.75973	0.98292	0.95939	0.94323	0.98316
1.4282	4.9975	0.93514	0.81949	0.98923	1.0053	0.95839	0.95334
1.6028	5.1149	0.96899	0.64191	0.91429	0.96316	0.93756	0.97342
1.4605	3.0246	0.97516	0.79698	0.86094	1.0137	0.96114	0.94819
1.6778	7.575	0.97255	0.4043	1.1098	1	0.97025	0.97025
1.5233	9.5164	0.88432	0.38594	0.96418	0.97305	0.95915	0.98572
1.393	10.449	0.83227	0.52704	1.0169	0.99169	0.9614	0.96945
1.5251	5.0271	0.97267	0.4585	0.96408	0.98324	0.9588	0.97514
0.9073	2.6556	0.98622	0.69196	0.93696	1.0256	0.98904	0.96438
0.91005	8.7398	0.87673	0.53098	1.0252	0.96399	0.96399	1
1.1256	7.0115	1.0822	0.74544	1.1268	1.0172	0.9847	0.96801
1.4178	7.8585	0.93747	0.65754	1.0074	0.95198	0.94863	0.99648
1.4178	4.6846	0.95726	0.55459	0.9982	1	0.96011	0.96011
0.93169	6.5123	0.87543	0.67791	0.93546	0.99407	0.96334	0.96909
1.4391	2.3658	0.95137	0.58476	0.89248	1.009	0.979	0.97031
1.1925	9.1213	0.77079	0.58391	0.99381	0.98225	0.96864	0.98614
1.5233	2.9721	1.0276	0.67349	0.9715	1.0361	1.0099	0.97468
1.454	2.299	1.133	0.68062	1.0954	0.96802	0.98303	1.0155
1.2469	12.79	0.82159	0.81181	1.0903	1.033	1.0193	0.98667
1.234	-1.0836	1.0409	0.74969	0.96934	1.0058	1.0218	1.0159
1.42	1.6463	1.073	0.69289	1.0611	1.0636	1.0745	1.0102
0.19313	2.665	-0.050503	0.35424	-0.25223	0.89674	0.96527	1.0764
1.1748	6.2167	0.9473	0.76568	0.99035	1.0909	1.0446	0.95756
0.92957	2.9083	0.95057	0.72783	0.93095	0.96389	1.0014	1.039
1.4555	2.2348	0.95971	0.6949	0.87804	0.77233	0.79525	1.0297
0.22692	2.9215	-0.065499	0.13245	-0.16336	1.2575	0.99852	0.79407
1.3413	11.119	0.97329	0.73313	1.0902	1.0742	1.0655	0.99191
1.56	6.5664	1.0501	0.67858	1.0354	0.9558	1.0184	1.0655
1.177	-3.7002	1.2006	0.86268	1.0215	1.0491	1.0704	1.0203
1.1229	5.0681	1.0414	0.77999	1.0014	0.98623	1.0449	1.0595
1.2641	-2.4883	1.1833	0.85079	1.0455	1.0279	1.0709	1.0418
0.94889	-2.812	1.1384	0.84925	1.0331	1.0598	1.1175	1.0544
0.81197	15.04	0.76722	1.0419	0.76159	1.1051	1.1668	1.0558
-0.14561	-1.2939	-0.036535	-0.72763	0.17529	0.86079	0.99297	1.1536
0.2209	4.6268	-0.03575	0.21154	-0.17023	0.97305	0.96653	0.99331
0.11205	3.746	-0.065923	0.36367	-0.25635	1.0194	0.97807	0.95947
0.26231	3.3171	-0.042204	-0.059798	-0.080705	0.99728	0.97412	0.97678
0.23517	3.4598	-0.047509	0.0027716	-0.11886	1.0163	0.98514	0.9693
0.17616	3.2676	-0.06158	0.018504	-0.11736	0.99196	0.97658	0.98449
0.36439	2.8737	-0.033463	-0.2992	-0.0017548	1.027	1.0063	0.97981
0.31555	2.2501	-0.025767	-0.18842	0.003852	0.98684	1.0118	1.0253
0.27584	2.5697	-0.048226	-0.19433	-0.029257	0.992	1.0034	1.0115
0.18925	2.8494	-0.059263	0.00721	-0.012168	1.043	1.0371	0.99432
0.29348	3.7728	-0.042092	0.090177	-0.16157	0.9768	1.0093	1.0333
0.15833	4.0035	-0.072302	0.16291	-0.14069	1.0237	1.0261	1.0023
0.22224	2.5846	-0.049032	-0.024185	-0.063312	0.98196	1.0049	1.0234
0.27403	3.1078	-0.038371	0.011186	-0.026995	1.0079	1.0082	1.0003
0.21582	3.4273	-0.051821	0.15312	-0.17948	1.0417	1.0434	1.0016
0.28488	5.0159	-0.054125	0.060592	-0.044742	0.975	1.0123	1.0383
0.062051	2.889	-0.075203	0.38215	-0.13135	1.0846	1.0801	0.99585
-0.25554	-0.1001	-0.045146	-0.65232	-0.037664	0.9409	1.013	1.0767
-0.057474	-0.13343	-0.013086	0.0034478	-0.062517	0.84171	0.8648	1.0274
1.4669	11.449	1.0604	0.63165	1.2165	1.1522	0.99709	0.86535
1.5251	5.995	1.0584	0.72935	1.1317	0.96373	0.96373	1
1.1565	2.5876	1.119	0.59557	1.08	1.0511	1.0107	0.96155
1.545	6.2243	1.0722	0.65637	1.0811	0.96419	0.98177	1.0182
1.2292	7.8772	1.0471	0.66902	1.1261	1.0239	1.0065	0.98305
0.84163	1.1554	1.0856	0.55863	1.0505	1.0104	1.028	1.0175
1.2583	-1.9526	1.1255	0.54767	1.0609	0.99231	1.0238	1.0317
1.3451	8.8222	1.0337	0.54051	1.104	0.98966	0.9974	1.0078
1.3254	7.6629	1.0297	0.51124	1.152	0.97389	0.97548	1.0016
1.0011	7.4506	1.0291	0.3655	1.1147	1.0188	0.9912	0.97294
1.6224	5.4095	1.0832	0.3904	1.2333	1.0263	1.0176	0.99152
1.1703	0.2165	1.094	0.79135	1.0787	1.0179	1.0292	1.011
1.1174	4.4437	1.1226	0.33728	1.1498	0.97985	1.0074	1.0282
1.4506	-1.8627	1.0952	0.68679	1.0646	1.0206	1.0258	1.0052
1.4304	8.4606	1.0888	0.52003	1.1701	0.93451	0.96364	1.0312
1.5529	12.475	0.95494	0.58316	1.1716	1.0377	0.99935	0.96301
1.2282	4.658	1.0016	0.37332	1.0984	0.98442	0.98187	0.99741
1.1416	0.79665	1.0738	0.39162	1.074	1.0211	1.0003	0.97964
1.022	-4.6733	1.0408	0.85634	0.85935	1.0026	1.0036	1.001
1.7763	10.312	1.0365	0.58761	1.1556	0.96134	0.9723	1.0114
1.3989	11.351	0.98832	0.578	1.2185	1.0429	1.014	0.9723
1.1734	-2.3106	1.0922	0.54082	1.0468	0.98201	1.0007	1.019
1.1149	3.526	0.94697	0.45653	1.0302	0.99476	0.99249	0.99771
0.97595	-1.0759	0.75748	0.52418	0.65224	1.0237	1.0147	0.9912
1.0445	1.8389	0.73946	0.47501	0.72006	0.98458	0.99772	1.0134
1.3184	2.1507	0.82188	0.54674	0.77912	0.98433	0.9853	1.001
1.2298	2.592	0.95732	0.49133	0.96402	1.008	0.99574	0.98788
1.2603	6.9123	0.93969	0.74129	0.97568	0.99474	0.98888	0.99411
1.5606	11.824	1.008	0.49115	1.126	1.0132	1.0039	0.99083
1.2897	8.5108	0.97475	0.60607	1.1112	0.98956	0.99442	1.0049
1.5125	4.4724	1.0817	0.50798	1.1818	1.0106	1.0039	0.99345
1.6708	9.9837	1.0283	0.61045	1.1382	1.047	1.047	1
0.9635	0.9782	1.1403	0.78284	1.0417	0.95761	1.0023	1.0467
1.479	7.0878	1.0626	0.50054	1.2193	1.0547	1.0475	0.99321
1.5692	4.0852	1.0784	0.60142	1.0769	0.93086	0.97605	1.0485
1.2119	8.9289	1.0682	0.48461	1.1836	1.061	1.0283	0.96915
1.7964	7.4018	1.1175	0.46448	1.2635	0.965	0.99133	1.0273
1.4122	-0.48713	1.0948	0.62134	1.1187	1.0622	1.0426	0.98156
1.3116	3.8726	1.1364	0.49746	1.1561	0.95854	0.9962	1.0393
1.6075	7.1706	1.0557	0.79056	1.0622	1.0611	1.0517	0.99117
1.6393	11.74	1.0646	0.3952	1.2694	0.95923	1.0038	1.0464
1.3918	6.1101	1.073	0.64263	1.0556	0.9975	1.0031	1.0057
1.2781	0.56019	0.9318	0.37941	0.97343	1.0226	1.0159	0.99346
0.67468	-2.125	0.64306	0.47875	0.56036	0.98284	0.99813	1.0156
0.80684	-6.5611	0.72276	0.41302	0.6443	1.0075	1	0.99257
1.0066	4.4159	0.87533	0.61084	0.86389	0.95297	0.9604	1.0078
0.93482	3.3364	0.99436	0.43218	0.99946	1.026	0.98473	0.9598
1.2739	2.3158	1.0271	0.68392	1.028	1.0076	0.99812	0.9906
1.4456	9.8204	1.0458	0.48265	1.1656	0.99749	0.99655	0.99906
1.5322	0.19111	1.0745	0.70851	1.0168	0.99496	0.99277	0.9978
1.4685	6.1484	1.1061	0.66097	1.162	0.96962	0.97023	1.0006
1.2035	9.5637	1.072	0.63895	1.2028	0.97389	0.95335	0.97891
1.2647	8.8876	1.1132	0.5526	1.2512	1.0697	1.0214	0.95488
1.359	4.073	1.1187	0.62966	1.177	1.0025	1.0191	1.0166
1.2357	4.4003	1.1269	0.84835	1.0813	1.01	1.0264	1.0162
1.1729	1.5099	1.1262	0.69788	1.087	0.98762	1.0133	1.026
1.3236	11.327	1.0447	0.57332	1.198	0.98997	1.0038	1.014
1.5795	4.331	1.0933	0.61754	1.2	1.0177	1.0193	1.0016
1.8065	13.342	1.1138	0.50231	1.2359	0.9602	0.97783	1.0184
1.5339	9.0324	1.0692	0.50412	1.2501	1.0648	1.0288	0.96621
1.222	-2.0478	1.1888	0.69425	1.1087	0.96107	0.98997	1.0301
1.2981	9.093	1.0718	0.51327	1.2079	1.0582	1.0417	0.98442
1.7348	12.672	1.097	0.59166	1.1554	0.96651	1.0069	1.0417
1.42	6.75	1.0796	0.57338	1.1957	1.0644	1.0614	0.99722
1.739	3.7882	1.0964	0.63348	1.1293	0.94884	1.0031	1.0572
1.4139	6.7963	0.99109	0.52421	1.0915	1.0123	1.0119	0.99969
0.71483	-2.667	0.70421	0.31058	0.66771	0.96368	0.97162	1.0082
0.65361	2.3749	0.57662	0.31547	0.58764	1.0729	1.0374	0.9669
0.98202	3.3683	0.7366	0.45906	0.72044	0.95082	0.98305	1.0339
1.1872	1.4202	0.79621	0.39735	0.84518	1.0419	1.0227	0.98157
1.2237	10.016	0.88871	0.35526	1.0464	0.93617	0.95971	1.0251
1.3048	3.8445	0.97586	0.49941	1.0081	1.0379	1.0018	0.96527
1.1434	1.3843	0.95013	0.64514	0.94212	0.94647	0.95372	1.0077
1.1786	3.484	0.94121	0.41856	1.0057	1.0463	0.99969	0.95548
1.4135	12.24	0.92045	0.65692	1.0443	0.95332	0.95596	1.0028
1.403	8.3697	1.0209	0.34186	1.1904	1.0412	1.0025	0.96278
1.5315	8.6879	1.0041	0.69155	0.98722	0.97772	0.9835	1.0059
1.333	-0.37301	1.1177	0.48935	1.0923	1.0278	1.0163	0.98874
1.7916	11.943	0.98984	0.71316	1.0991	1.0567	1.0629	1.0059
1.3451	5.6143	1.1188	0.55613	1.1704	0.93939	1.0009	1.0655
0.94983	3.4997	1.114	0.31236	1.1171	0.99752	0.99443	0.99691
1.2542	3.5824	1.135	0.64221	1.1442	0.98507	0.98294	0.99783
0.90487	1.3548	1.0832	0.77678	1.0306	1.0076	0.98701	0.97959
1.6039	3.5546	0.98394	0.50896	0.99286	0.95238	0.94704	0.99439
1.1156	2.1298	0.93521	0.58387	0.9827	1.0105	0.9603	0.9503
1.2706	11.831	0.91867	0.51408	1.0984	1.0078	0.97358	0.96604
1.1475	2.4123	1.01	0.3429	1.0839	1.0181	1.0022	0.98442
1.3741	-0.5806	1.0465	0.77408	0.92784	0.97208	0.98048	1.0086
1.2396	2.8173	1.0966	0.56837	1.0456	1.0392	1.0202	0.98174
1.5333	5.3337	1.098	0.54753	1.1676	0.97236	0.99486	1.0231
1.3788	8.8573	1.055	0.3638	1.2373	1.0491	1.0414	0.99263
1.3417	7.7037	1.1002	0.49914	1.2285	0.97291	1.0083	1.0364
1.2972	-2.4826	1.1068	0.63851	1.0464	1.043	1.0424	0.99937
1.3592	7.6801	1.0962	0.45352	1.2014	0.99029	1.0254	1.0355
1.1275	1.6751	1.0972	0.83844	0.99723	0.97549	0.99906	1.0242
1.0548	8.4209	0.92282	0.26499	1.0336	0.98744	0.98342	0.99593
0.714	-2.0728	0.76416	0.44379	0.72106	1.0483	1.0265	0.97913
1.015	-1.5462	0.87504	0.34722	0.85553	0.98786	1.0077	1.0201
1.2209	3.3707	0.96904	0.6043	1.0093	1.0049	1.0118	1.0068
1.2922	6.1301	1.028	0.41212	1.1284	0.97066	0.98146	1.0111
0.82655	-1.8205	1.0774	0.5073	1.0244	1.005	0.99038	0.98542
1.1608	4.5848	1.0813	0.41985	1.1229	1.0226	1.0127	0.99038
1.159	-2.493	1.0919	0.7083	1.0326	0.85049	0.87516	1.029
1.5469	8.8243	1.0633	0.54581	1.1447	1.3487	1.1531	0.85494
1.3558	9.4615	1.05	0.53823	1.1755	0.89744	1.0323	1.1502
1.2503	3.8343	1.09	0.49951	1.1689	0.99524	1.0239	1.0288
1.5807	9.2278	1.047	0.51778	1.1994	0.99522	1.0168	1.0217
1.1118	3.415	1.0786	0.77917	1.0233	0.99038	1.0024	1.0122
1.1486	4.163	1.0454	0.68466	1.0596	0.99272	0.99212	0.99939
0.93415	2.1856	1.0871	0.45795	1.0805	0.99511	0.98756	0.99242
1.374	6.305	1.0768	0.61499	1.1004	0.97789	0.95102	0.97252
0.9521	0.080808	1.0728	0.43305	1.088	1.0402	1.0055	0.96661
1.8052	12.466	1.0303	0.58558	1.0996	0.95169	0.9645	1.0135
1.1922	5.1629	1.053	0.47387	1.1634	1.066	1.0275	0.96391
1.1421	7.4208	1.0626	0.59759	1.1385	0.95952	0.98987	1.0316
1.5217	4.3528	1.0622	0.65822	1.069	1.0496	1.0355	0.98654
1.0905	1.7314	1.1087	0.51203	1.1172	1.0165	1.0459	1.0289
1.4946	10.159	1.0128	0.53203	1.1895	0.9907	1.0302	1.0399
1.3656	9.8336	1.033	0.67871	1.1697	0.99061	1.0132	1.0228
1.3626	5.6031	1.0394	0.59734	1.1127	1.0166	1.0254	1.0087
1.2181	1.4286	1.0525	0.69588	1.0049	0.93706	0.95857	1.023
1.0619	4.1622	1.0371	0.46512	1.1008	1.0622	1.0161	0.95657
1.4987	14.115	0.98902	0.61714	1.18	0.95316	0.96732	1.0149
1.5221	3.7548	1.0102	0.6434	1.0151	1.0762	1.0364	0.96303
0.99686	-0.7862	0.76368	0.44533	0.68188	0.92009	0.96124	1.0447
0.51911	1.8902	0.79574	0.31144	0.77118	1.0596	1.0182	0.96095
1.25	8.2199	0.96553	0.51932	0.94184	0.95316	0.97485	1.0228
1.2521	3.5977	1.0148	0.42676	1.0947	1.0319	1.0087	0.97748
1.1795	0.84281	1.0623	0.64762	1.0259	0.95952	0.96759	1.0084
1.4647	10.288	1.0032	0.61988	1.1965	1.0521	1.0189	0.96846
1.3588	1.4978	1.0657	0.51535	1.0532	0.95283	0.97174	1.0198
1.0008	6.0861	0.99354	0.73336	1.0146	1.0198	0.99879	0.97939
1.3162	4.3583	1.0566	0.55605	1.112	0.97087	0.97058	0.9997
1.0324	2.1031	1.0894	0.6369	1.0893	1.0225	0.99787	0.97591
0.97076	4.6946	1.0565	0.52627	1.0803	0.96577	0.96725	1.0015
0.90257	1.8839	1.1434	0.51538	1.084	1.0051	0.97904	0.97411
1.4773	-1.1597	1.0565	0.58866	0.94975	0.99496	0.97651	0.98146
1.5469	10.616	1.1022	0.61541	1.1421	0.99494	0.98097	0.98596
1.1849	2.1955	1.018	0.59646	1.0584	1.0153	0.9975	0.9825
1.0146	5.35	0.93536	0.44204	0.99755	0.9599	0.96626	1.0066
1.0697	9.4538	0.8654	0.57753	0.96648	1.0313	0.9981	0.96778
1.3066	-2.5276	1.0519	0.5481	1.0573	0.96203	0.96908	1.0073
1.0326	0.90363	1.0224	0.60263	1.017	1.0263	0.99617	0.97063
1.9706	10.952	1.0391	0.44939	1.0637	0.98974	0.98943	0.99968
1.1862	8.2744	0.98385	0.49761	1.114	1.0389	1.0259	0.98753
0.81598	-0.52246	0.76114	0.4248	0.74676	1.0075	1.03	1.0223
0.85236	1.7514	0.81887	0.27398	0.84133	1.0347	1.0592	1.0238
1.5044	8.2323	0.9623	0.42996	0.952	1.0096	1.0563	1.0463
1.5999	7.3437	0.97703	0.63656	0.99962	0.96919	1.0193	1.0517
1.3801	12.522	0.99739	0.26095	1.2139	1.0171	1.0253	1.008
1.8434	16.552	0.9563	0.59532	1.1742	0.9976	1.015	1.0174
1.4274	-0.78619	1.0979	0.58637	1.0547	1.0265	1.0293	1.0027
1.2469	5.0912	1.0673	0.53687	1.154	1.0141	1.0341	1.0197
1.0743	2.5946	1.0749	0.44272	1.1139	0.9838	1.011	1.0277
1.4388	10.004	1.0252	0.6351	1.1998	0.97176	0.98392	1.0125
1.4059	4.6565	1.0799	0.6417	1.0813	1.0581	1.0365	0.97954
0.94485	1.1425	1.0875	0.5402	1.0676	0.95652	0.98876	1.0337
1.8188	6.6898	1.0241	0.47663	1.1307	1.055	1.0355	0.98151
1.3692	5.0134	1.0705	0.54342	1.1382	0.97279	1.0032	1.0313
1.2284	7.6433	1.0588	0.46931	1.1529	1.021	1.0207	0.99971
1.4688	6.0966	1.0321	0.6234	1.172	0.97489	0.9965	1.0222
1.5536	14.013	0.97802	0.4422	1.2704	1.0328	1.0244	0.99187
1.1806	7.9433	1.0622	0.60116	1.1069	0.98186	1	1.0185
1.307	14.963	0.95	0.47974	1.2552	1.0162	1.0153	0.99913
0.88547	3.9074	1.1029	0.48922	1.0809	0.975	0.98677	1.0121
1.4432	9.0158	1.0316	0.6706	1.086	1	0.99019	0.99019
1.4065	8.5867	1.0842	0.49624	1.1777	0.96737	0.96176	0.99421
1.28	1.7986	1.084	0.54252	1.0964	1.0024	0.97026	0.96793
1.3005	4.3276	1.0745	0.49483	1.1732	1.0024	0.97544	0.9731
1.2928	7.41	1.0782	0.53685	1.0954	1.0504	1.0255	0.97629
1.0697	5.7967	1.0318	0.43783	1.0829	0.95662	0.98501	1.0297
1.5884	3.0998	0.99744	0.55706	0.91243	1.0716	1.0528	0.98242
0.99186	-1.0432	1.0242	0.75322	0.96412	0.95546	1.0059	1.0528
1.2741	3.8238	1.0585	0.58698	1.0408	0.95804	0.96877	1.0112
1.3427	5.6352	1.0112	0.47703	1.1062	1.0389	1.0029	0.96536
1.1852	8.447	1.0464	0.62407	1.1147	0.94145	0.94811	1.0071
1.3598	-0.43065	1.0754	0.74974	0.95593	1.005	0.9565	0.95176
1.0489	8.8807	0.94362	0.5981	1.0083	0.92822	0.9047	0.97467
1.1436	4.709	1.0635	0.3458	1.126	1.04	0.94919	0.91269
1.156	2.1913	0.96532	0.49559	1.0085	1.0949	1.0462	0.95559
1.5014	6.8191	0.9138	0.5305	0.98483	0.91803	0.9715	1.0582
0.92327	-7.6446	0.98242	0.8962	0.77253	1.051	1.0207	0.9712
1.3257	3.9486	1.0246	0.62551	1.0253	0.96117	0.99062	1.0306
1.3083	3.9569	1.0707	0.63811	1.0842	1.0051	0.99687	0.99186
1.0954	4.7229	1.0148	0.65876	1.023	0.97236	0.9745	1.0022
1.1293	2.6495	1.0553	0.42975	1.1125	0.91731	0.89959	0.98068
1.2303	1.2543	0.92761	0.44834	1.039	1.1014	0.9905	0.8993
1.0484	2.1123	0.72455	0.64579	0.67713	0.95141	0.95907	1.0081
0.80636	-5.9623	0.89118	0.57278	0.78683	0.98387	0.95158	0.96718
1.0509	2.7956	0.84178	0.60886	0.85709	1.0437	1.003	0.96095
1.071	3.443	0.88749	0.53383	0.84619	0.9555	0.96817	1.0133
1.2573	10.817	0.85951	0.56632	0.97815	1.0356	1.0093	0.97463
0.91476	10.735	0.63256	0.40952	0.81051	0.97884	0.99362	1.0151
0.56747	5.9271	0.53641	-0.08763	0.56791	0.97568	0.9675	0.99162
0.4243	-1.9179	0.75864	0.22295	0.66354	1.0637	1.0316	0.96978
0.57556	-1.3658	0.68947	0.78405	0.67548	0.98698	1.0157	1.0291
0.5291	1.595	0.43553	0.25371	0.41407	0.95515	0.97149	1.0171
0.24059	-8.979	0.68423	0.63911	0.60748	1.0663	1.0345	0.97018
0.63952	1.0512	0.75568	1.0109	0.76074	0.98705	1.0157	1.029
0.93548	8.3962	0.77539	0.78356	0.88499	0.91601	0.93943	1.0256
1.2886	2.2599	0.9491	1.1493	0.89785	1.0372	0.97706	0.94197
0.564	0.91698	0.9095	1.008	0.93016	0.97238	0.95296	0.98003
0.71319	-0.25839	0.9246	0.83756	0.92414	1.0483	1.0041	0.95782
1.4033	5.6847	1.082	1.0648	1.2016	1.0515	1.0526	1.001
1.2537	1.7116	1.0937	1.3444	1.022	1.0206	1.062	1.0406
0.88289	1.024	1.2308	0.70325	1.2928	0.99242	1.0515	1.0595
1.2182	0.085503	1.0956	1.3771	0.97909	1.0356	1.0796	1.0424
1.1122	7.8053	1.1548	0.75737	1.2769	0.97789	1.0388	1.0623
1.5391	9.6583	1.1408	0.92627	1.3103	1.005	1.0313	1.0261
0.89424	6.8729	1.0012	1.1851	1.0835	1.015	1.0288	1.0136
1.1943	4.6943	1.1189	0.86835	1.2277	0.99261	1.0103	1.0179
0.80178	5.7921	1.0838	0.75036	1.177	1.0199	1.023	1.0031
1.1769	3.5439	1.1127	1.1861	0.99821	0.99027	1.0096	1.0195
1.0654	3.4168	1.115	0.75743	1.2403	1.0049	1.0096	1.0046
1.1056	4.1689	1.0399	1.2673	0.91133	1.0098	1.0176	1.0077
1.1265	-2.1214	1.1831	1.1075	1.1158	0.98547	1	1.0147
0.53629	5.3908	1.1048	0.77884	1.1559	1.0147	1.0107	0.99602
1.6013	5.1494	1.0881	1.1464	0.98217	0.96852	0.98069	1.0126
0.83275	1.7107	1.1479	0.72091	1.2083	1	0.9816	0.9816
1.282	5.8095	1.0134	1.2773	0.94746	0.995	0.9806	0.98553
0.68344	2.2368	1.1726	0.6967	1.1816	1.0176	0.99846	0.9812
0.73631	1.6627	1.0595	0.99133	1.071	1.0025	1.0019	0.99938
1.0918	-5.5089	1.1631	0.9073	1.1516	0.98276	0.98885	1.0062
0.75849	-2.3509	1.0527	1.2162	1.003	1.01	1	0.99007
0.92197	5.6743	1.1295	0.87159	1.2173	0.9727	0.97908	1.0066
1.117	-0.10413	1.1119	0.93729	1.128	1.0587	1.0317	0.97452
1.0483	2.1864	1.1479	0.76601	1.1957	0.96145	0.99223	1.032
1.5628	2.9279	1.1242	1.15	1.0989	1.0351	1.0223	0.98762
1.4403	8.5258	1.0781	1.0703	1.1694	0.94431	0.96985	1.027
1.4395	5.9854	1.1404	0.8937	1.2581	1.0231	0.99439	0.97196
0.72158	8.7886	1.0101	0.96942	1.1429	1	0.99439	0.99439
0.96834	-1.5353	1.1592	0.90024	1.1819	0.99248	0.98907	0.99657
1.6699	10.527	0.99633	1.0612	0.85979	0.9899	0.97908	0.98907
0.95263	-0.51857	1.1906	0.8575	1.2276	0.97194	0.96182	0.98959
0.93834	-0.39163	1.0415	0.96704	1.0704	1.0446	1.0051	0.96212
1.4454	8.0891	1.0513	1.0433	1.024	1.0251	1.0319	1.0066
1.1208	6.6747	0.93841	0.93003	1.0591	0.97059	0.99968	1.03
1.1899	2.5349	1.1198	1.0183	1.0407	1.0152	1.0139	0.99874
0.92328	-3.415	1.0523	1.1282	0.98791	0.99254	1.0063	1.0139
1.1864	-0.56991	1.1936	1.232	1.0127	0.94486	0.95655	1.0124
0.49554	2.4954	1.0631	0.89453	1.0617	1.0796	1.0278	0.95202
1.0998	3.5451	1.1729	1.0305	1.1372	0.94103	0.96656	1.0271
1.1978	2.4501	1.1385	1.0319	1.1518	1.0783	1.0374	0.96201
0.9604	-5.9428	1.16	1.1172	1.0706	0.9322	0.97407	1.0449
1.7942	5.9135	1.0633	1.0038	1.0616	1.0234	0.99747	0.97468
1.1572	7.315	1.0235	1.1648	1.0803	1.0076	1.0067	0.99905
1.0677	0.68904	1.1384	1.0262	1.1233	0.98489	0.99396	1.0092
1.4127	11.246	0.99042	1.0697	1.0924	1.0102	0.99842	0.98831
0.85663	0.0025454	1.1223	0.78525	1.1788	0.98228	0.98665	1.0045
1.1152	0.068343	1.0317	1.2121	0.87873	0.99485	0.98063	0.98571
1.456	6.4959	1.1053	1.016	1.1414	1.9715	1.7409	0.88304
							
0.82983	4.7434	1.1437	0.61209	1.1464	0.5138	0.89295	1.7379
0.97688	4.6346	1.0077	1.1094	1.062	0.99744	0.89168	0.89397
0.72872	2.6079	1.1662	0.61563	1.0948	0.84359	0.76712	0.90936
0.24887	3.307	-0.052704	0.35547	-0.211	1.2644	0.96296	0.76157
0.43164	19.124	0.53837	0.42445	0.8152	0.95192	0.9164	0.96268
0.68166	-0.96351	1.0317	0.91207	1.0508	1.0328	0.94077	0.91087
1.294	3.1608	1.1302	1.1994	1.0039	0.94132	0.88582	0.94104
0.6453	2.1167	1.0714	0.81152	1.098	1.0052	0.99774	0.99259
0.89858	-1.2103	1.1453	0.97073	1.0867	0.9845	0.98545	1.001
0.88589	-0.50852	1.053	1.04	1.0014	1.042	1.0245	0.98323
0.84808	-0.46462	1.1486	0.74129	1.1684	0.97733	0.98259	1.0054
1.1829	-0.96462	1.0816	1.211	0.97881	1.0412	1.027	0.98634
0.74302	5.5028	1.067	0.86005	1.0897	0.95545	0.98438	1.0303
0.80577	5.7841	1.0087	0.72918	1.1233	1.0233	1.0118	0.98879
0.86314	16.266	0.87404	1.1169	1.0069	0.99494	1.0042	1.0093
0.57704	16.623	0.8575	0.77081	1.0964	1.0229	1.0223	0.99936
0.30645	12.782	0.49196	-0.10708	0.59213	0.99005	1.0066	1.0168
0.60356	24.384	0.12604	0.16651	0.38802	1.1533	1.1386	0.98729
-0.16081	3.0099	-0.035615	0.64447	-0.69396	0.86275	0.97989	1.1358
-0.17452	3.1963	-0.033942	0.72334	-0.78672	0.9899	0.97361	0.98355
0.38719	4.9434	-0.016104	0.98751	-0.48192	1.0561	1.0194	0.96522
-0.18983	1.8901	-0.022865	0.31094	-0.67528	1	1.0135	1.0135
-0.20783	1.2505	-0.028651	-0.26292	-0.25769	0.843	0.866	1.0273
0.55505	17.73	0.5972	-0.060586	0.78616	1.1519	0.99752	0.866
1.0611	1.6226	1.0428	1.1404	1.0701	1.01	1.005	0.99505
0.96514	0.87814	1.1726	0.71884	1.2091	0.95813	0.98419	1.0272
1.336	-2.7541	1.1208	1.2863	0.91783	1.0334	1.0152	0.98232
1.0796	4.3495	1.1716	1.1668	1.1326	0.94279	0.96101	1.0193
0.84958	4.489	1.1367	0.5258	1.2192	1.0449	1.0099	0.96653
0.94625	-7.7107	1.1402	1.319	0.96246	0.99495	1.0112	1.0164
1.2047	9.6411	1.1004	1.1046	1.2037	1.0127	1.0079	0.99526
1.4023	-0.85577	1.079	1.2736	0.83566	0.99749	1.0066	1.0092
1.4339	2.8774	1.0844	1.0443	1.023	0.96231	0.9758	1.014
0.55975	3.3408	0.98183	0.78085	1.0279	1.0209	0.99554	0.97518
1.4052	-0.37522	1.125	0.96491	1.126	0.98465	0.9856	1.001
1.0344	1.3542	1.0796	1.2136	1.0695	1.0416	1.0194	0.97871
1.1966	-5.0053	1.1888	1.0604	1.1174	0.98504	1.0045	1.0197
1.5198	2.6441	1.1557	0.97453	1.1695	1.0101	1.013	1.0029
1.021	8.8151	1.101	1.2067	1.1854	0.94987	0.96838	1.0195
0.93087	0.83226	1.1664	0.64269	1.209	1.0739	1.0369	0.96561
1.3083	0.68529	1.1415	1.2309	1.023	0.94595	0.98027	1.0363
0.8999	2.8006	1.1469	1.143	1.1758	1.0727	1.0442	0.97345
1.3977	2.3403	1.1117	1.2556	0.98004	0.94673	0.98675	1.0423
1.0329	7.9305	1.1029	0.97891	1.2597	1.023	1.0098	0.98706
1.4931	4.7877	1.0652	1.0101	1.1242	1	1.0082	1.0082
1.1373	8.1577	1.1007	0.95224	1.2222	1.01	1.0167	1.0066
1.1054	-3.0627	1.0524	1.31	0.89468	1	1.0087	1.0087
0.92847	4.7418	1.105	0.95779	1.1509	0.99257	1.0031	1.0106
1.0035	0.80034	1.0379	1.0161	1.0566	1.0025	1.0003	0.99782
1.6646	13.208	1.0088	0.9804	1.1791	1.0299	1.0299	1
0.73343	-0.46852	1.0213	1.1847	0.98459	0.99034	1.0139	1.0238
1.0979	-1.0067	1.1015	0.93047	1.169	1.0073	1.0172	1.0099
1.1706	8.6203	0.97711	1.0007	1.0801	0.97821	0.99385	1.016
1.2188	5.5394	1.0698	0.77523	1.2404	1.0297	1.0196	0.9902
0.28687	-2.8476	1.0194	0.79022	0.99135	1.0072	1.0223	1.0149
1.2245	1.1401	1.1354	0.84416	1.1499	1.0024	1.0188	1.0164
1.0221	3.6459	1.0211	0.98961	1.0742	0.99048	1.0048	1.0145
0.9242	7.3137	1.0881	0.48658	1.222	0.98798	0.99365	1.0057
1.2675	6.7738	1.0574	0.95793	1.1006	1.0511	1.0375	0.98709
0.80709	-8.411	1.123	1.2556	0.94599	0.99537	1.0275	1.0323
1.0658	5.0585	1.0567	0.94093	1.1489	0.99767	1.0175	1.0199
0.83054	-1.8772	1.0349	1.0546	0.9929	0.95338	0.97207	1.0196
0.99109	4.076	1.0824	1.108	1.1389	1.0098	0.98333	0.97381
1.2605	4.2924	0.94577	1.0955	0.94834	1.0145	0.99792	0.98363
1.1098	-0.056481	1.0196	0.98514	1.0059	0.94033	0.94456	1.0045
0.96612	5.6051	0.91611	1.0008	0.97329	1.0203	0.96635	0.94712
0.53584	-8.7114	1.1108	0.82457	1.0582	0.93035	0.91498	0.98349
1.3529	0.29979	1.0291	1.1121	1.0142	1.0561	0.97682	0.92488
1.3147	5.5273	1.0457	1.1318	0.99222	0.98228	0.97182	0.98936
1.1838	3.3255	1.0515	1.0705	1.124	0.99227	0.97161	0.97918
0.77811	0.92732	1.0037	0.97171	1.0338	1.0753	1.0445	0.9713
1.1335	4.0131	1.0725	1.0714	1.044	0.91546	0.96838	1.0578
1.0142	3.2171	1.1067	0.54794	1.23	1.0607	1.0245	0.96591
0.91357	1.5562	1.046	1.2042	0.99637	0.99502	1.0201	1.0252
0.91565	-5.4815	1.1706	0.94283	1.1471	0.9975	1.0095	1.012
1.6735	9.4466	0.9936	1.1209	1.0178	1.0226	1.028	1.0054
1.4982	8.8343	1.1265	0.87719	1.2987	0.91912	0.94877	1.0323
0.42767	0.37571	1.0981	0.51604	1.0397	1.0613	1.0028	0.94488
1.1588	0.37457	1.1466	1.2201	0.9752	0.96231	0.97455	1.0127
0.99495	2.4781	1.1425	1.116	1.1537	1.0209	0.99113	0.97085
0.94275	4.1408	1.0321	1.0998	1.0492	1.0153	1.0079	0.9927
1.5218	1.8104	1.1745	1.1926	1.0821	0.95718	0.97094	1.0144
0.94167	6.8349	1.0426	1.106	1.1054	1.0342	1.0061	0.9728
1.3033	6.8907	1.0914	0.91309	1.1944	1.0204	1.0289	1.0083
1.3929	2.2455	1.0791	1.0967	1.0561	1.0249	1.0425	1.0171
0.99614	-4.5753	1.145	1.0211	1.0851	0.95377	0.99619	1.0445
0.80216	-7.9052	1.122	1.3189	0.95506	1.0204	1.0111	0.99084
0.89237	6.5779	1.0846	0.83922	1.2201	0.9525	0.96609	1.0143
1.0189	4.2864	1.0468	0.83289	1.1855	1.0394	1.0044	0.96639
1.4331	7.4757	1.1073	0.95635	1.0963	0.97727	0.97944	1.0022
0.67378	1.6192	1.0695	0.66029	1.1081	1.0388	1.0145	0.97666
1.0968	-4.6315	1.1497	1.2899	0.94318	0.99502	1.0098	1.0148
0.94454	6.2351	1.0327	1.1755	1.1044	1.02	1.031	1.0107
1.1176	1.0137	1.1222	0.90616	1.1841	0.98039	1.0082	1.0284
0.8736	1.4575	1.0779	0.70117	1.1841	1.0575	1.0585	1.0009
0.91368	6.6383	1.0872	1.0379	1.1175	0.98345	1.0297	1.047
1.2133	2.4608	1.0624	1.2258	1.0025	0.9976	1.0212	1.0237
0.58033	1.0332	1.1309	0.59152	1.1117	0.9759	0.99113	1.0156
1.6221	10.911	1.0431	0.95841	1.1897	1.0469	1.0307	0.9845
1.249	-0.46536	1.0201	1.2295	0.80975	0.93396	0.9638	1.0319
0.80309	8.338	1.032	0.82192	1.1831	1.0455	1.0058	0.96204
1.2294	5.8265	0.952	0.99423	1.0404	0.94444	0.9525	1.0085
0.77665	4.2412	1.103	0.78226	1.1731	1.0358	0.99204	0.95775
1.3564	6.1656	1.0116	1.1297	1.0163	1.0074	1.0018	0.99448
1.1755	5.2232	1.1185	0.92195	1.2354	0.98284	0.9889	1.0062
0.61746	-4.4642	1.0411	1.1612	0.9808	1.0224	1.0095	0.98738
1.0122	4.9495	1.1181	0.71214	1.2354	0.95122	0.97045	1.0202
1.2252	0.13779	1.0495	1.0478	1.0287	1.0231	0.99192	0.96955
0.80068	5.0451	1.0869	0.87663	1.1395	1	0.99657	0.99657
0.90859	-4.2473	1.0567	1.0153	1.0253	1.0125	1.005	0.99254
1.6729	15.947	1.0069	0.95141	1.2513	0.99752	1.0031	1.0056
0.95276	-1.4849	1.0775	0.98196	1.1018	1.0074	1.0112	1.0037
1.077	6.3775	1.0926	1.0405	1.2136	0.98276	0.99439	1.0118
0.92029	-3.7649	1.081	1.0124	1.0643	1.0526	1.0435	0.9913
1.2808	6.7871	1.1197	0.71407	1.2718	0.92381	0.96457	1.0441
0.96257	-0.6741	1.0918	0.79672	1.1384	1.0722	1.0287	0.95951
0.95612	0.032179	1.0426	1.0351	1.0194	0.93029	0.9606	1.0326
1.7444	5.1364	1.0417	0.89032	1.0294	1.0388	0.99845	0.96119
1.3026	11.267	1.0304	1.1145	1.1454	0.99502	0.99441	0.99938
1.4941	6.3732	1.1308	0.96299	1.2643	0.995	0.9919	0.99688
1.1657	10.88	0.98729	1.0829	1.0941	1.0276	1.0161	0.98882
1.2275	-2.2872	1.1776	0.85792	1.2258	0.99511	1.0153	1.0203
1.2725	8.7202	1.0037	1.3854	1.0296	0.99509	1.005	1.0099
1.5949	2.3297	1.1719	0.95402	1.1606	1.0025	1.0106	1.0081
0.64671	4.0457	1.0914	0.93651	1.1697	1.0074	1.0111	1.0037
0.9538	-7.9661	1.1597	1.2303	1.0487	0.99756	1.0068	1.0093
1.2231	0.27569	1.1453	0.96908	1.2388	1.0123	1.0151	1.0028
1.5149	8.3212	1.1222	1.1817	1.0086	0.94915	0.96522	1.0169
1.001	0.61725	1.1457	0.71293	1.2797	1.0765	1.0349	0.96137
0.90664	6.9608	1.1364	1.0438	1.2173	0.95498	0.98956	1.0362
1.2618	-0.14528	1.1777	1.0606	1.1221	1.0496	1.033	0.98413
1.1681	0.25811	1.1256	1.2014	1.1146	0.94326	0.97645	1.0352
1.328	0.69508	1.187	1.2395	1.1707	1.0125	0.9902	0.97794
0.58756	-4.6157	1.0837	0.95	1.0623	1.0149	1.0043	0.98959
1.2191	7.5032	1.0863	0.90618	1.1816	1.0195	1.0223	1.0028
1.5016	-0.33618	1.0571	1.2722	0.79114	1.0167	1.0291	1.0121
1.5515	2.2671	1.1805	0.98062	1.2453	0.95059	0.98357	1.0347
0.9998	6.5749	1.1052	1.1363	1.0916	1.0149	0.99605	0.98148
0.98517	-2.2218	1.1738	0.99316	1.1391	1.0049	1.0043	0.99939
1.1232	6.9152	1.0339	0.91035	1.1799	0.99272	0.99392	1.0012
1.155	-3.3704	1.1614	1.2569	1.0757	0.99756	0.99029	0.99272
1.2201	2.9562	1.0926	1.0763	1.1628	0.99265	0.9845	0.9918
1.3265	7.0442	1.1359	0.84486	1.2669	1	0.98841	0.98841
0.84822	-4.3246	1.0808	1.0184	1.0373	1.0148	1.0074	0.99265
1.283	10.073	1.0653	0.98059	1.2302	0.98297	0.9902	1.0074
1.3511	-2.7112	1.0824	1.2547	0.84303	1.0223	1.0113	0.98929
1.146	6.4566	1.0998	0.97813	1.2131	0.95642	0.97231	1.0166
0.87928	5.1085	1.0502	0.91073	1.1567	1.0253	0.99815	0.97351
0.70368	2.6764	1.1112	0.7501	1.155	0.98025	0.98176	1.0015
1.0782	1.0168	1.0775	1.0128	1.0805	1.0227	1.0037	0.98146
1.051	0.47997	1.0932	1.2121	1.0288	0.96552	0.97301	1.0078
1.0418	1.9849	1.117	0.86532	1.1904	1.0026	0.98097	0.97847
0.75164	-0.83209	1.0424	1.0164	0.99961	0.99491	0.97995	0.98496
0.82694	1.7782	1.0813	0.62938	1.1413	1.0716	1.0482	0.97811
1.3781	9.5364	0.97938	1.1056	0.97348	0.97613	1.0187	1.0436
1.3307	-4.9006	1.0717	1.0237	1.0149	1.0073	1.0239	1.0165
0.6619	2.3121	1.0414	1.1791	1.0112	0.98058	1.0019	1.0217
1.7096	10.498	1.117	0.95873	1.3057	1.0025	1.0047	1.0022
0.97805	4.3984	1.1036	0.88195	1.2448	1.037	1.0329	0.996
1.4366	8.6746	1.155	0.90996	1.2432	0.97381	1.0009	1.0278
1.7144	4.5146	1.1221	1.0707	1.0996	1.0147	1.0082	0.99362
1.002	11.344	1.0972	0.50661	1.2938	0.96145	0.97525	1.0144
1.0034	0.4799	1.1361	1.061	1.1276	1.0501	1.021	0.97228
1.3104	-1.6676	1.1415	1.0798	1.082	0.96897	0.99115	1.0229
1.1432	3.7982	1.1226	0.87761	1.1341	1.0345	1.0203	0.98633
1.5228	8.4777	1.0145	1.0875	1.0196	0.95	0.9711	1.0222
0.43984	0.29726	1.1264	0.71893	1.1113	1.1053	1.0665	0.96493
0.39197	1.7215	1.073	0.73766	1.0687	0.97959	1.0375	1.0591
0.95527	6.1215	1.1379	0.90321	1.2064	0.95602	0.99249	1.0381
0.93031	-0.73922	1.0744	1.2444	1.0351	0.99274	0.98204	0.98922
1.0429	0.066581	1.1735	0.73033	1.2482	0.99756	0.98258	0.98498
1.1114	0.24722	1.0892	1.4578	0.89852	0.97555	0.96058	0.98465
1.2078	3.7842	1.173	0.76083	1.3159	1.0251	0.98792	0.96377
0.78718	1.7869	1.1058	0.91753	1.0944	0.98044	0.96801	0.98733
1.1879	-4.5164	1.2091	0.99061	1.2103	1.0574	1.0288	0.97301
1.0103	7.6748	1.0668	1.2328	1.1576	0.96698	1.0015	1.0357
1.2275	2.6083	1.1909	1.0362	1.2398	0.97073	0.97669	1.0061
1.1733	5.199	1.0986	1.0545	1.2403	1.0779	1.0467	0.97103
1.3743	9.513	1.1367	1.1679	1.1906	0.95804	1.0021	1.046
1.3816	-2.0112	1.1063	1.3528	0.88525	1.0487	1.0407	0.99245
1.6054	7.4198	1.1784	1.0723	1.2194	0.93968	0.97915	1.042
0.98129	11.019	1.0184	0.91082	1.2532	0.98765	0.96735	0.97944
1.5985	3.2432	1.1992	0.92612	1.2729	1.0025	0.97656	0.97412
0.92451	8.3881	1.0515	1.1256	1.1397	1.0474	1.0197	0.9736
1.156	-4.2412	1.2156	1.2337	1.0526	0.97143	0.98759	1.0166
0.8004	6.2367	1.0896	0.71484	1.2019	1.0343	1.0237	0.98969
0.69318	1.6468	1.1778	1.0424	1.1601	0.97393	0.99697	1.0237
0.86161	-10.376	1.0975	1.3875	0.92039	1.9976	1.7809	0.89154
							
0.98845	4.3432	1.1453	0.78923	1.1911	0.50426	0.89586	1.7766
0.66004	-2.8026	1.1466	0.92492	1.0909	1.0048	0.89631	0.892
0.78756	-1.0308	1.1223	0.64796	1.1695	1.0288	0.91551	0.88984
1.0622	3.8534	1.1104	1.3113	1.0579	0.9229	0.85061	0.92167
1.1671	4.7362	1.1183	0.80391	1.2396	1.0557	0.89581	0.84855
0.98762	2.2476	1.0876	0.95487	1.1464	0.94484	0.85281	0.9026
1.2461	-1.077	1.149	1.1584	1.0961	1.0381	0.88576	0.85328
0.94002	6.251	1.0213	0.89924	1.1279	1.0098	1.0055	0.99574
1.4282	3.5169	1.1229	1.0224	1.1988	0.98063	0.98871	1.0082
0.76177	0.92126	1.0794	0.83752	1.1379	1.0741	1.0558	0.98301
1.2731	4.6841	1.1158	0.94702	1.203	0.98161	1.0367	1.0561
0.90948	0.26619	1.1004	1.293	1.0718	1	1.0268	1.0268
1.1007	7.1582	1.1195	1.094	1.1349	0.97892	1.0048	1.0264
0.81958	2.259	1.066	0.92357	1.1399	1.0072	1.0039	0.99672
1.4576	-3.237	1.0758	1.0696	0.8907	0.9715	0.97526	1.0039
1.5066	9.6109	0.98768	0.88972	1.0821	1.0024	0.97852	0.97613
1.2486	7.7827	0.99288	1.1526	1.0194	0.94634	0.93073	0.98351
1.3202	7.2937	1.0847	1.0027	1.1329	1.0335	0.97183	0.94032
0.70797	-0.6111	1.028	0.85247	1.0548	0.97756	0.9602	0.98224
1.0148	-6.6975	1.1344	1.2031	1.004	1.0128	0.98146	0.9691
1.2122	3.4336	1.0611	1.2602	1.0194	1	0.98787	0.98787
1.0662	0.79094	1.0604	1.1153	0.99186	0.98741	0.98431	0.99686
0.77648	3.0244	0.99086	0.97388	1.0296	1.0714	1.051	0.98092
0.68721	-2.8308	1.0956	0.97185	1.068	0.94524	0.99749	1.0553
0.82156	-1.6285	1.1355	0.92635	1.1761	1.0756	1.0599	0.98542
1.0278	-1.3429	1.1782	1.17	1.0672	0.93443	0.991	1.0605
0.85895	0.92984	1.1266	0.84391	1.1923	1.0276	1.0127	0.98549
1.5884	13.818	1.0713	1.0635	1.2558	1.0098	1.0172	1.0074
1.5451	6.6441	1.0937	1.0745	1.1612	0.99758	1.0098	1.0122
1.11	-4.3463	1.1495	0.95183	1.1873	1.0121	1.0139	1.0018
1.1441	4.5583	1.0669	1.3049	0.97247	0.95455	0.97406	1.0204
0.81761	-3.0739	1.0712	0.74004	1.0856	1.0226	0.9927	0.9708
1.0491	8.9562	0.94404	1.2844	1.0316	1.0221	1.0177	0.99573
1.3368	3.0381	1.1397	1.0297	1.2281	1.0168	1.0269	1.01
1.401	-0.97666	1.1197	1.2289	0.95069	0.99292	1.0163	1.0235
0.76447	5.1995	1.2038	0.63631	1.2392	0.96437	0.98246	1.0188
0.88791	-4.1731	1.121	1.123	1.0698	1.0123	0.99516	0.98305
1.4161	0.16089	1.091	1.0664	1.0731	0.9854	0.9845	0.99909
1.0005	10.204	1.02	0.88774	1.1798	1.0444	1.0208	0.97738
0.9599	-0.11405	1.1706	1.2406	1.1006	0.95508	0.97614	1.022
0.82863	4.8795	1.1661	0.43774	1.2258	1.0396	1.0139	0.97526
1.2551	9.9086	1.1119	1.198	1.1986	0.98095	0.99818	1.0176
1.5207	0.78635	1.1697	1.2325	0.99058	1.0243	1.0221	0.99788
0.95926	-4.2317	1.1994	0.94035	1.1993	1	1.0172	1.0172
0.94155	6.0577	1.0958	0.98196	1.225	1	1.0138	1.0138
2.0938	11.748	1.1098	0.93357	1.0104	0.95735	0.97086	1.0141
0.63372	-5.0608	1.128	0.81262	1.1213	1.0446	1.0144	0.97115
0.88628	8.5155	1.1334	0.58455	1.2587	0.99763	1.0069	1.0093
1.1527	8.2592	1.0337	1.3248	1.0321	1.0119	1.017	1.0051
1.409	2.961	1.1437	1.1413	1.1513	0.99061	1.0045	1.014
1.0287	2.1426	1.1014	0.94701	1.1375	0.95735	0.9668	1.0099
0.83186	5.7341	1.1021	0.98105	1.2077	1.0817	1.0411	0.96248
1.2126	10.363	0.92384	1.1422	1.007	0.94737	0.98866	1.0436
0.85755	-6.105	1.0243	1.2859	0.80596	1.0411	1.021	0.98075
1.0883	6.3377	1.0239	0.98102	1.0965	0.93968	0.96429	1.0262
0.62131	2.0265	1.1095	0.70011	1.1413	1.0617	1.0211	0.96171
1.0905	5.4079	1.0162	1.2946	0.93622	0.94419	0.96984	1.0272
0.91247	0.1892	1.097	0.79168	1.1532	1.0567	1.0226	0.96782
0.53734	-2.2806	1.0493	0.76821	1.0349	0.95105	0.97143	1.0214
1.0861	6.381	1.1013	0.93865	1.1535	1.0294	1.0051	0.97637
1.3417	4.4075	0.94641	1.1998	0.86749	0.98571	0.99073	1.0051
1.1418	1.2202	1.0321	0.87982	1.105	1.0048	1	0.99519
0.72791	8.3427	0.90668	0.95407	1.0463	1.0457	1.0363	0.99107
1.0099	1.4843	1.0397	0.97006	0.96061	0.93333	0.97421	1.0438
1.2343	-0.61115	0.99308	1.0938	0.86658	1.0123	0.98473	0.97275
0.81978	5.8375	1.0279	0.60685	1.1399	1.056	1.0383	0.98325
0.94824	9.9958	1.0033	1.0164	1.1837	0.96544	0.99911	1.0349
0.96395	-6.656	1.1475	1.2712	0.95615	1.0072	1.0057	0.99851
1.0302	-0.71924	1.1265	1.0128	1.1291	0.97867	0.98451	1.006
0.80757	5.39	1.1209	0.66337	1.1956	0.99758	0.98329	0.98568
1.6636	8.0229	1.1293	1.0805	1.1386	1.0558	1.0382	0.98329
0.97076	-1.3134	1.1344	1.2138	1.1089	0.96552	0.99822	1.0339
1.8951	4.0821	1.1512	0.99228	1.0432	1.0024	0.99763	0.99526
0.68036	5.9506	1.116	0.6399	1.2022	0.99762	0.99941	1.0018
1.2857	9.4697	1.1147	1.1525	1.1985	1.0167	1.0136	0.99703
1.2302	-0.78969	1.0932	1.3423	0.89444	0.96019	0.97677	1.0173
1.0481	0.65747	1.1574	0.99535	1.1619	1.0415	1.013	0.97272
0.76049	2.5371	1.044	0.83615	1.1119	0.93443	0.95028	1.017
1.0482	-4.1187	1.1546	0.98052	1.1534	1.0201	0.97748	0.95827
0.74332	1.4145	1.0403	0.89029	1.1106	1.0172	0.99609	0.97925
1.0599	-1.384	1.1097	1.0919	1.0687	0.96377	0.96639	1.0027
0.98404	4.2113	1.0107	1.0905	1.0594	1.0351	1.0024	0.96845
0.93707	2.7895	1.1406	1.0198	1.1223	0.95642	0.96814	1.0123
0.98022	-6.4898	1.0669	1.1046	1.0232	1.0051	0.97693	0.97201
1.4748	6.0908	1.1161	1.0169	1.1308	0.96977	0.9598	0.98972
0.70399	-2.1612	1.0797	1.1686	1.0554	1.0597	1.0143	0.95712
1.4984	1.8918	1.1308	1.0381	1.1611	0.98529	1.0009	1.0159
1.0156	4.7528	1.0558	1.0696	1.1356	0.99005	0.99593	1.0059
0.59074	0.77602	1.1566	0.56633	1.1349	0.96231	0.96322	1.0009
0.78697	-2.0544	1.0904	1.0251	1.0516	1.0104	0.9813	0.97116
1.1859	0.89634	1.1648	0.98675	1.2429	1.0362	1.0149	0.97944
0.88217	-4.3794	1.1582	0.9923	1.1179	1.0723	1.077	1.0044
1.1241	1.6085	1.1393	1.0482	1.1624	0.94419	1.0103	1.07
1.0204	10.818	1.0497	0.95289	1.226	1.0394	1.0455	1.0059
1.3126	1.3873	1.1345	1.0195	1.166	0.96682	1.009	1.0436
1.08	-6.9504	1.1182	1.1291	1.0709	1.0196	1.0231	1.0034
0.97375	7.7634	1.0643	0.98812	1.2032	0.99279	1.0064	1.0137
0.99715	4.1984	1.0545	1.0089	1.1333	1.0024	1.0006	0.99819
1.0042	-2.4744	1.1539	0.97082	1.1847	0.98551	0.98402	0.99849
1.0998	9.9652	1.0296	0.93479	1.1799	0.89461	0.89791	1.0037
1.6023	6.5706	1.1229	1.0746	0.99182	1.2329	1.0922	0.88592
0.48232	4.4936	1.0638	0.68359	1.0909	0.98	1.0643	1.086
1.3631	8.935	1.076	1.1795	1.1411	0.95465	1.012	1.0601
1.2703	-0.43184	1.1305	1.1962	0.98085	1.057	1.0605	1.0033
1.6111	12.132	0.97937	1.0615	1.0048	0.96854	1.0216	1.0548
1.5678	5.417	1.1065	0.98403	1.1648	0.98376	1.0021	1.0186
0.79041	-4.0825	1.0155	1.2146	0.92296	0.99057	0.98911	0.99853
0.94557	1.1829	1.0827	0.84839	1.1073	0.99286	0.96724	0.9742
0.78889	8.167	0.95976	0.92748	1.0858	0.98801	0.96629	0.97801
1.149	-0.99393	1.1057	1.0327	1.0996	1.0073	0.9808	0.97371
0.95113	0.99706	1.0382	0.80957	1.143	1.0193	0.99911	0.98022
1.2811	8.294	1.0749	1.1588	1.171	0.94563	0.95751	1.0126
0.74526	1.8599	1.0826	0.80531	1.1354	1.045	1.0045	0.96125
1.397	5.4814	1.1057	0.80071	1.27	0.99282	1	1.0072
1.5407	8.3477	1.0722	1.1133	1.0748	1.0096	1.0099	1.0003
1.2803	5.5037	1.0915	0.99324	1.2022	0.99284	1.003	1.0102
0.98275	0.999	1.1071	0.93873	1.1775	1.012	1.0123	1.0003
0.92779	0.22416	1.1531	0.96846	1.1797	1.0024	1.0126	1.0102
1.0288	3.5072	1.1328	1.0079	1.114	1.0166	1.0275	1.0108
0.96696	0.32956	1.0799	1.1671	1.0993	0.93007	0.95597	1.0279
1.4836	4.1733	1.1299	0.88432	1.2571	1.0827	1.0307	0.95198
0.97179	4.3343	1.0361	1.2086	1.0164	0.93981	0.97129	1.0335
1.1777	2.0105	1.1566	1.0678	1.1647	1.0049	0.9793	0.9745
1.0537	7.0575	1.0125	0.78012	1.157	1.0196	0.9985	0.9793
1.2427	1.1417	1.1691	0.94306	1.1497	1.0337	1.0293	0.99581
1.2005	-3.4594	1.0152	1.3847	0.72441	0.95116	0.98288	1.0333
1.3647	6.9546	1.1425	0.80843	1.314	1.022	1.0078	0.98614
0.99947	9.333	0.98821	1.038	1.1939	0.97608	0.98106	1.0051
1.222	-1.175	1.1748	1.1842	1.1218	1.0294	1.0136	0.98462
0.94301	-1.0463	1.1053	0.93347	1.1414	1.0024	1.0114	1.009
0.67744	3.5219	1.1107	0.84239	1.1434	1.0024	1.0096	1.0072
0.96234	6.1817	1.0624	0.93563	1.0866	0.97156	0.98262	1.0114
1.2523	0.53261	1.1301	0.89625	1.1807	1.0561	1.0368	0.98174
1.1752	-8.0453	1.1229	1.0994	0.96696	0.95612	0.98984	1.0353
1.1649	11.58	1.0374	1.1041	1.2214	1.0652	1.0472	0.98308
1.0708	3.3111	1.1471	1.1647	1.0858	0.99093	1.0288	1.0383
0.9895	1.7059	1.1482	1.2234	1.1249	0.98398	1.0094	1.0258
1.1183	5.2389	1.0753	1.2102	0.99472	0.99302	1.0006	1.0076
0.90013	1.4096	1.199	0.82131	1.243	0.98361	0.98476	1.0012
1.491	0.018305	0.99308	1.044	0.90247	1.0095	0.99008	0.98074
1.2208	3.8573	1.0602	0.84541	1.1603	0.97406	0.97005	0.99589
1.1666	6.6487	0.99423	1.0141	1.009	0.98305	0.95586	0.97234
1.5175	5.1265	1.1264	0.90792	1.1919	1.0271	0.98874	0.96266
1.0089	6.6296	1.0397	0.9275	1.1932	0.9976	0.99254	0.99493
1.6287	-0.50947	1.1952	1.1524	1.0582	1.0144	1.0093	0.99492
1.149	5.8778	1.0674	1.164	1.1225	1.0071	1.0171	1.0099
1.464	4.426	1.186	0.85033	1.2704	0.98118	0.9988	1.018
0.59064	-1.4355	1.0703	0.84734	1.0817	1.0072	1.0072	1
1.5141	3.78	1.1586	0.9479	1.1431	1.0095	1.0134	1.0039
0.91834	1.108	1.0704	1.2741	1.0035	0.95047	0.96411	1.0144
0.93428	8.1422	1.1295	0.53777	1.2748	1.9727	1.7088	0.8662
							
1.2715	6.521	1.1205	1.063	1.1475	0.51572	0.88267	1.7115
1.1236	3.3246	1.0148	1.1299	1.0709	1.0756	0.94458	0.87818
1.2206	7.19	1.1135	1.0444	1.2079	0.93197	0.88363	0.94813
0.61809	-0.50585	1.0483	0.63467	1.0704	1.0268	0.90607	0.88245
1.1836	10.879	1.0389	1.0118	1.1998	0.99526	0.90177	0.90607
1.0867	-1.8864	1.0444	1.3305	0.90214	0.98095	0.88745	0.90468
0.92936	0.76788	1.1453	0.86771	1.1783	1.0121	0.89485	0.88412
0.90392	6.6083	1.0158	1.1105	1.1161	1.0048	1	0.99523
1.7042	5.7957	1.1473	1.0942	1.1199	0.98329	0.98271	0.9994
1	0.12634	1.0501	1.0477	1.0911	1	0.99128	0.99128
0.76622	3.5601	1.151	0.95177	1.1579	0.95874	0.95497	0.99607
0.81227	-0.26767	1.0135	0.86092	1.0725	1.043	0.99909	0.95787
1.225	4.1109	1.1421	1.2287	1.1707	0.96602	0.97162	1.0058
1.1954	-2.4443	1.0979	1.2296	0.97761	1.0276	0.99939	0.97251
0.67195	-2.1397	1.1885	0.70002	1.164	1.0244	1.0232	0.99878
1.2451	7.3203	1.0408	1.054	1.1443	1.0024	1.0253	1.0229
1.466	-2.025	1.1498	1.0362	1.0745	0.99286	1.0165	1.0238
0.90623	-1.4079	1.1015	1.0193	1.1374	1.024	1.0361	1.0118
0.58729	1.33	1.1661	0.6736	1.1595	0.98126	1.0093	1.0286
1.3053	5.8403	1.1176	1.1176	1.1234	1.0239	1.0282	1.0042
1.5033	4.6159	1.1212	1.0717	1.1426	0.9697	0.99166	1.0226
1.2617	-2.8288	1.1454	0.97967	1.1764	1.012	1	0.98812
0.42692	0.050864	1.1522	0.54359	1.0843	0.98575	0.98692	1.0012
1.0047	0.37171	1.1063	1.1121	1.082	1.041	1.0237	0.98341
1.0448	-10.655	1.1719	1.3334	0.93458	0.97685	0.99852	1.0222
1.2051	2.2044	1.133	0.97276	1.2015	1.0355	1.031	0.99558
1.0599	-6.7623	1.1832	1.0195	1.1508	0.94737	0.97815	1.0325
0.88625	4.1226	1.0561	1.168	1.1164	1.0242	1.0033	0.97959
1.3462	8.2812	1.157	1.0537	1.1713	1.0047	1.005	1.0003
0.57215	-2.6394	1.0784	1.1341	1.0333	0.94601	0.95583	1.0104
1.624	6.6932	1.175	0.70645	1.3687	1.0695	1.0174	0.95131
0.24101	-4.2623	1.0325	1.082	0.92162	0.96752	0.98874	1.0219
0.94173	-1.0647	1.1206	1.0926	1.0824	0.96643	0.96095	0.99434
1.144	2.9021	1.0388	1.007	1.13	1.0744	1.0337	0.9621
0.92378	0.63642	1.184	0.75161	1.2224	1.0046	1.032	1.0273
1.2573	-0.70451	1.1331	1.3753	1.0349	0.96322	0.99554	1.0336
1.08	1.2284	1.1872	1.023	1.184	0.97375	0.97462	1.0009
1.0611	1.5011	1.0571	1.017	1.1354	1.0417	1.0086	0.96826
1.3664	3.6357	1.1501	0.82341	1.2809	1.9388	1.7513	0.90329
							
1.0587	1.5745	1.1765	0.92324	1.2009	0.48544	0.85402	1.7593
1.2418	16.103	0.92586	1.0155	1.2425	0.885	0.67816	0.76628
0.35038	3.3525	0.010645	0.65955	-0.30739	1.3503	0.90595	0.67093
1.203	2.847	1.0611	1.2019	1.0465	0.83264	0.76099	0.91396
0.79407	-2.257	1.1798	1.0325	1.1573	0.98492	0.67967	0.69007
0.4178	4.3179	-0.03474	0.28745	-0.28524	1.1658	0.78404	0.67253
1.375	3.4012	1.1353	0.9297	1.2094	0.90591	0.71195	0.7859
0.50774	3.2304	0.97086	1.1848	0.99854	0.75604	0.53954	0.71364
0.79312	-1.637	0.12102	0.38553	0.20693	1.5974	0.8437	0.52816
0.52449	-1.7946	1.0827	0.54804	1.0436	0.858	0.79115	0.92208
1.1525	7.7011	1.1235	1.1117	1.1405	0.94872	0.76307	0.80431
1.4297	2.7187	1.0427	1.1474	0.96241	0.99754	0.75977	0.76164
1.158	3.9316	1.1118	0.23643	1.1794	0.92365	0.78927	0.85451
1.8007	31.004	0.30135	-0.51967	0.78971	0.93867	0.7619	0.81169
1.7255	29.23	0.35167	-0.45504	0.88614	1.0313	0.79671	0.77257
1.8336	28.365	0.28549	-0.28996	0.88488	0.94766	0.8665	0.91436
1.5108	26.217	0.43142	-0.34713	0.70535	1.0523	0.95326	0.90586
1.7025	27.546	0.35925	-0.23962	0.81274	0.98343	0.96054	0.97673
1.6184	27.406	0.32125	-0.23538	0.71652	1.5646	1.4305	0.91429
1.0434	10.213	1.072	0.74827	1.2804	0.61939	0.90373	1.4591
2.1603	26.763	0.2841	-0.72584	0.57758	1.4174	1.2348	0.87121
1.576	2.1614	1.114	1.0559	1.1015	0.80573	0.98193	1.2187
0.99061	4.7334	1.0089	1.232	1.0071	1.0558	1.0199	0.96598
0.90319	-0.10996	1.1635	1.0049	1.143	0.96394	0.96627	1.0024
0.43429	-0.6564	1.0331	0.86916	1.0631	1.1197	1.0543	0.94159
0.92997	-0.76492	1.1506	0.95422	1.1902	0.93541	0.96802	1.0349
0.87362	1.3039	1.0817	1.208	0.98615	0.99048	0.9994	1.009
1.3733	1.2874	1.1612	1.1435	1.1081	0.99279	0.97234	0.9794
1.0942	6.0014	1.0353	0.84618	1.2058	1.0242	1.0156	0.9916
0.82484	-3.1474	1.1681	1.4332	0.93205	0.99054	0.99851	1.008
1.1489	0.75794	1.1204	1.1299	1.1785	0.99523	0.99345	0.99821
1.2256	3.7986	1.106	0.84511	1.2181	0.96403	0.95743	0.99315
1.116	8.2975	1.0694	0.99993	1.1773	1.0672	1.0279	0.96316
0.96484	-4.408	1.1558	1.2128	1.0931	0.96737	0.9958	1.0294
1.0393	-5.4895	1.1978	1.2479	1.0503	1.053	1.042	0.98957
1.3179	10.126	1.1323	0.9142	1.316	0.95195	0.99107	1.0411
1.0547	3.5741	1.1952	0.85621	1.3176	1.1322	1.1063	0.9771
1.6801	1.5942	1.1187	1.2116	0.90456	0.93843	1.0312	1.0989
0.88381	-1.7482	1.2142	0.98306	1.2244	1	1.0237	1.0237
1.1331	-2.4004	1.1207	1.2223	1.0775	0.93665	0.95557	1.0202
1.4908	0.22624	1.1998	0.91784	1.277	1.0169	0.97397	0.95778
1.0359	9.5979	0.99852	1.3	1.1543	0.96912	0.94581	0.97595
1.6304	11.974	1.1051	0.98339	1.2979	1.0245	0.97436	0.95105
0.70822	-6.5315	1.0866	0.99403	1.0889	1.0215	0.99216	0.97125
1.4084	6.5128	1.1423	1.1542	1.2368	0.99766	1.0029	1.0053
1.2774	10.133	0.98548	1.1632	1.0843	0.97183	0.98279	1.0113
1.0009	-4.4017	1.1491	1.215	1.0624	1.0386	1.0244	0.9863
1.0079	-3.7453	1.0325	1.0945	0.97204	0.96512	0.98839	1.0241
1.5905	3.6572	1.1378	0.99718	1.2002	1.0048	0.99434	0.98957
0.6926	-1.7613	1.0545	1.2029	0.96756	0.96643	0.96239	0.99582
0.91125	-1.3477	1.1968	0.70202	1.1997	1.0273	0.98984	0.96354
0.58417	3.8746	1.0264	0.99925	1.0901	0.98309	0.97895	0.99579
1.4314	6.443	1.1385	0.96022	1.2158	1.0418	1.0205	0.97954
0.96269	-0.11659	1.0394	1.1188	1.0464	0.96226	0.98373	1.0223
0.93105	8.5501	1.1108	0.77253	1.2105	0.99755	0.98816	0.99059
0.71385	-4.0447	1.0256	1.1547	0.94003	1.0442	1.0287	0.98517
1.3802	-1.2569	1.1146	1.0185	1.1546	0.94353	0.97537	1.0337
1.0817	2.439	1.0649	1.1094	1.0946	1.0648	1.0311	0.96831
1.4062	2.106	1.1421	0.92986	1.1877	0.93208	0.96573	1.0361
0.37471	-1.5966	1.0558	1.1625	0.99949	1.0905	1.0445	0.95788
1.4879	16.634	1.023	1.0544	1.3173	0.99309	1.0351	1.0423
1.2308	8.9274	1.0241	0.98059	1.1301	0.95824	0.99041	1.0336
1.1545	-9.9888	1.1883	1.0529	1.0672	1.0508	1.0324	0.98246
0.87589	-4.8395	1.0758	1.0404	1.0746	0.97465	1.0068	1.033
1.371	7.4164	1.1283	0.70601	1.3089	1.0095	1.0086	0.99911
0.41739	2.0437	1.0424	0.84832	1.0624	1.0164	1.023	1.0065
1.308	10.922	1.0972	1.0424	1.2279	1.0069	1.0184	1.0114
0.83043	0.11976	1.0611	1.1067	1.057	0.98856	1.0073	1.0189
1.0811	7.8791	1.0925	0.7777	1.1973	0.98843	0.99679	1.0085
0.58728	-4.4396	1.0383	1.1295	0.99498	0.99297	0.98662	0.9936
1.3543	-2.5364	1.1528	1.0024	1.1082	0.99764	0.98745	0.98979
0.82421	2.803	1.0547	0.72696	1.1637	1.0473	1.0281	0.98172
0.99491	-3.0975	1.169	0.93015	1.1946	0.93679	0.96652	1.0317
1.0335	5.1712	1.0468	1.3384	1.0032	1.0096	0.98012	0.97076
1.0669	-3.2404	1.096	1.0719	1.0712	1.0095	0.99354	0.98415
0.89939	-1.8221	1.0671	0.97692	1.0981	1	0.99617	0.99617
1.5873	1.4902	1.1368	0.96024	1.1809	1.0189	1.0138	0.995
0.60955	-2.6226	1.0885	1.0987	1.0435	0.99072	1.0035	1.0129
1.0792	9.6515	1.0901	0.97028	1.2197	1.0211	1.0208	0.99971
1.3228	6.7328	1.0608	1.3588	1.0005	1.0046	1.027	1.0223
1.292	5.2959	1.1778	1.0889	1.0822	1	1.0201	1.0201
0.86809	-1.6088	1.1063	1.0483	1.0676	0.97032	0.98808	1.0183
1.0602	-4.413	1.2065	0.97168	1.1926	1.0541	1.034	0.98096
1.1249	2.4889	1.0762	1.2429	0.99532	0.99777	1.0246	1.0269
1.3355	7.0937	1.1616	1.0734	1.171	0.94631	0.97186	1.027
0.86772	-4.419	1.0835	1.3668	1.0025	1.0473	1.0132	0.96741
1.0764	-4.8013	1.1934	1.3432	1.0454	0.96614	0.98109	1.0155
1.0558	-0.50188	1.1659	1.3402	1.0374	0.96028	0.94947	0.98874
1.1362	3.9733	1.1342	0.75551	1.3014	1.0414	0.9916	0.95222
0.64947	1.858	1.1787	1.0299	1.1601	0.95794	0.95404	0.99593
1.49	-0.42962	1.1001	1.2919	1.0013	1.0732	1.0262	0.95627
1.0232	0.49363	1.156	1.2146	1.1639	0.93864	0.97291	1.0365
1.2436	5.3691	1.0937	0.92989	1.267	1.0242	0.99647	0.97291
0.53418	-1.2543	1.1593	0.83253	1.1363	0.98345	0.98783	1.0045
1.3449	-0.12187	1.152	1.1114	1.2003	1.0337	1.0205	0.98724
0.96516	-1.7978	1.1635	1.2931	1.0842	0.95581	0.97538	1.0205
0.93396	5.7077	1.137	0.70163	1.2559	1.0389	1.0136	0.97567
0.52385	-1.1051	1.1268	1.0427	1.0753	0.96487	0.97746	1.013
1.1988	-4.8583	1.1702	1.2649	1.0496	1.0073	0.99193	0.98476
0.69914	-7.1437	1.1392	1.049	1.077	0.98072	0.97456	0.99371
1.1914	6.7161	1.0559	0.9793	1.1571	1.0074	0.98558	0.97837
1.1211	4.3502	1.0477	0.97143	1.1155	0.96829	0.95981	0.99124
1.2104	12.731	1.0668	0.94927	1.286	1.0403	1.0036	0.96476
1.1384	-1.4353	1.027	1.3666	0.89228	0.9661	0.97317	1.0073
0.51056	0.83432	1.1251	0.64303	1.0955	1.0376	1.0138	0.97704
0.69114	-5.5885	1.0655	1.0658	1.0572	0.97585	0.99172	1.0163
1.1305	-1.847	1.1889	0.88636	1.2255	0.98762	0.98427	0.99661
1.1677	4.8531	1.0278	1.1176	1.1255	1.0226	1.0062	0.98397
0.95772	-5.8086	1.1836	0.9658	1.2033	0.99755	1.0046	1.0071
0.84799	-0.20406	1.0841	1.0029	1.0607	1.0614	1.0549	0.99389
1.401	4.581	1.1397	1.0192	1.2509	0.97454	1.0256	1.0524
1.0215	-6.3233	1.1118	1.264	0.96011	1.0095	1.0272	1.0175
1.3974	3.6804	1.1564	0.8804	1.2947	0.99294	1.0175	1.0247
0.50927	1.694	1.036	0.86273	1.0854	1.0166	1.0266	1.0099
1.8462	9.3355	1.067	1.0032	0.96464	0.99534	1.0133	1.0181
0.66643	-6.7391	1.1082	1.1769	1.0207	1.0164	1.0221	1.0056
1.3719	2.1494	1.1407	0.95443	1.1676	0.96313	0.98122	1.0188
1.1435	-1.9156	1.1308	1.0317	1.1826	1.0239	1.0059	0.98237
0.83651	1.8703	1.1433	0.74545	1.1972	1.014	1.0161	1.002
0.83315	3.845	1.0869	0.85485	1.1837	0.98387	0.99912	1.0155
0.68478	3.8059	1.1114	1.0478	1.1193	0.9719	0.97304	1.0012
0.88051	-1.5363	1.0906	1.237	1.0628	1.0458	1.0161	0.97161
1.312	-0.43972	1.173	1.0936	1.0593	0.9424	0.96264	1.0215
0.62574	0.69384	1.1366	0.54491	1.1553	1.0831	1.0399	0.96009
0.95343	1.3823	1.1382	0.87385	1.1683	0.92777	0.96677	1.042
1.2065	0.71435	1.1342	1.1846	1.0209	1.0122	0.982	0.9702
1.0374	-4.76	1.121	1.0814	1.0183	0.99038	0.97891	0.98842
1.0683	4.12	1.0638	0.81691	1.2091	1.0121	0.99374	0.98183
1.7531	0.19507	1.1282	1.0546	0.78129	0.97362	0.97013	0.99642
1.3003	-3.4532	1.1473	1.0782	1.1321	1.0296	1.0036	0.97479
0.77867	2.9621	1.1264	0.80278	1.2097	0.94258	0.95026	1.0081
1.1317	-5.297	1.1325	0.9793	1.1193	1.0584	1.0137	0.95776
1.299	5.0725	1.0928	0.93423	1.1991	0.97122	0.9863	1.0155
1.0116	-9.8551	1.1673	1.3801	0.99034	1.0321	1.0173	0.9857
1.4963	4.9949	1.1375	1.1828	1.1508	0.92105	0.94479	1.0258
0.94927	-1.0857	1.1488	1.0449	1.1726	1.0338	0.98241	0.95032
0.89361	-1.2864	1.1797	1.0628	1.1665	1.0276	1.0086	0.9815
1.379	4.7943	1.125	1.0859	1.1775	1.0342	1.0416	1.0071
1.5478	-3.6738	1.1778	1.0925	0.96283	0.96454	1.0003	1.0371
0.63427	8.7456	1.1047	0.56664	1.1965	1.027	1.0266	0.99969
1.433	0.092656	1.1735	1.2028	1.0686	0.98329	1.0073	1.0244
1.3556	-3.5568	1.1619	1.0564	1.1471	1.0291	1.0348	1.0055
1.4115	6.2592	1.128	1.0132	1.2347	0.99528	1.0184	1.0232
1.1197	3.8554	1.1524	0.93941	1.2382	0.99763	1.009	1.0114
1.3273	-1.7905	1.1485	1.1896	1.0598	0.97625	0.98443	1.0084
1.0698	2.4768	1.1265	0.85195	1.2132	1.0535	1.034	0.98149
0.87352	-1.2493	1.1399	1.0737	1.1128	0.92841	0.96172	1.0359
1.1207	1.8572	1.1322	0.96469	1.2018	1.0647	1.0212	0.95914
1.1714	-0.36942	1.1185	1.173	1.0454	0.9486	0.97042	1.023
1.2223	2.2448	1.1144	1.0038	1.183	0.62808	0.64191	1.022
0.82091	0.45748	0.99058	1.2383	0.96239	1.8627	1.1761	0.63138
1.4949	7.801	1.1341	1.095	1.2097	0.91368	1.0703	1.1714
0.92946	8.3194	1.0141	1.0784	1.1493	1.0138	1.0755	1.0608
1.0842	0.8139	1.1475	1.134	1.1563	0.95227	1.0285	1.0801
0.95321	-2.5759	1.0355	1.3872	0.91811	1.0024	1.0253	1.0229
0.87424	-5.3037	1.1679	0.82558	1.15	0.99762	1.0257	1.0282
0.3626	-2.6216	1.0555	0.73983	1.0383	1.0143	1.0344	1.0198
0.75891	-3.3925	1.1707	1.2858	1.0661	0.97882	0.9652	0.98608
1.1506	1.5302	1.0659	1.1838	1.0774	0.99038	0.97371	0.98316
0.80122	-0.9381	1.0976	0.6897	1.126	0.98301	0.96544	0.98212
0.85727	-0.87858	1.0037	1.1373	0.89774	1.0519	1.0197	0.96948
0.87736	-2.8105	1.0958	0.92954	1.0791	0.97653	0.99671	1.0207
1.105	-9.4754	1.0847	1.2107	0.9638	1.0481	1.0396	0.99195
1.0826	5.6363	1.1322	0.77465	1.2307	0.93349	0.97398	1.0434
1.3747	8.0945	1.0658	1.0086	1.1557	1.0393	1.0129	0.97456
1.2366	-3.1757	1.1008	1.1777	1.0025	0.97872	0.99191	1.0135
0.8183	-1.8779	1.0501	0.93826	1.0986	1.0386	1.0247	0.9866
0.80441	1.327	1.1259	0.79603	1.1646	0.92558	0.95045	1.0269
0.71475	2.4475	1.0973	0.73622	1.1673	1.0628	1.0111	0.9513
1.3311	4.5988	1.1405	1.0311	1.1887	0.99054	1.0006	1.0101
0.71959	-4.1071	1.1541	0.97277	1.1286	1.0095	1.0141	1.0045
0.93325	6.2034	1.0392	1.19	1.0579	1.0047	1.0134	1.0086
1.2357	-0.57097	1.1746	1.1303	1.1862	0.98118	0.99612	1.0152
1.2243	-5.367	1.0888	1.2285	0.97386	0.96163	0.96163	1
1.2962	7.6779	1.1004	1.0342	1.1064	1.0723	1.0312	0.96163
0.86474	-0.94926	1.0631	1.0641	1.0696	0.93023	0.95866	1.0306
0.90534	-0.80567	1.1404	0.65794	1.2182	1.065	1.0201	0.9578
0.8173	3.7647	1.0569	1.3023	1.0433	0.94601	0.96962	1.025
1.1216	-2.4454	1.2165	1.0516	1.1472	1.0025	0.97762	0.9752
0.84461	1.9317	1.0906	1.2953	1.091	1.0149	0.99666	0.98207
0.95234	-5.8561	1.2018	1.0028	1.1937	0.9878	0.98811	1.0003
1.346	-1.9585	1.098	1.1082	1.1074	1.0247	1.0082	0.98391
1.5138	2.1855	1.2608	1.2394	1.1079	0.95904	0.97639	1.0181
0.76087	4.1299	1.0871	0.90203	1.1839	1.0377	1.0092	0.97251
1.1534	4.2379	1.2034	1.141	1.1861	1.0024	1.0153	1.0129
1.2146	2.6392	1.0991	1.2066	1.1429	1.0121	1.0226	1.0104
1.2765	-8.131	1.2352	1.1891	1.1229	0.98329	1.003	1.0201
1.3615	8.9857	1.0998	1.0143	1.2245	0.99515	0.99817	1.003
1.0918	1.4165	1.1906	0.89657	1.2571	0.99268	0.99027	0.99757
0.94783	0.92267	1.1073	1.0434	1.1911	1.0344	1.0225	0.98846
1.127	4.9993	1.2105	1.0262	1.2399	0.9905	1.0069	1.0166
1.3854	6.2153	1.1284	1.1408	1.1894	1.0048	1.0099	1.0051
0.6114	-6.7068	1.2258	0.75941	1.1774	0.99284	1.0021	1.0093
0.92005	7.3821	1.1009	1.1458	1.1951	1.0385	1.0366	0.9982
1.1539	1.6935	1.2143	1.2374	1.0527	0.9537	0.9886	1.0366
0.91726	-2.6243	1.1531	1.0228	1.1169	1.0534	1.0339	0.98154
1.1871	-0.11086	1.1875	0.9241	1.2089	0.9447	0.9759	1.033
1.0678	4.569	1.1002	1.2504	1.1181	1.0171	0.99374	0.97706
1.0485	-1.1983	1.194	1.1095	1.1738	0.98561	0.9812	0.99552
1.0459	2.2413	1.1017	0.96303	1.1984	1.0316	1.0107	0.97974
1.1402	-1.7892	1.1717	1.0346	1.1695	1.0189	1.0249	1.0059
1.4272	6.5907	1.0473	1.2212	1.0334	1.0046	1.029	1.0243
1.4105	12.767	1.0657	1.001	1.2505	0.97235	0.99764	1.026
1.1107	-1.2358	1.1145	1.2679	1.0723	1.0213	1.0198	0.99852
1.3208	1.8801	1.1596	1.1338	1.173	0.98608	1.0012	1.0153
1.313	7.7964	1.0956	0.94021	1.2988	1.0071	1.005	0.99795
1.496	5.1971	1.1205	0.90124	1.2904	0.96963	0.97332	1.0038
1.1975	11.463	1.0683	1.0752	1.206	1.0289	1.0006	0.97247
0.8046	-5.8633	1.1035	1.2321	0.99104	0.93677	0.94619	1.0101
0.83652	1.7346	1.1614	0.62763	1.2394	1.0775	1.0204	0.94703
0.66838	-3.6323	1.0531	1.2147	0.97382	0.96752	0.98874	1.0219
1.7546	3.303	1.1731	1.1218	1.0284	1.0168	1.0074	0.99079
1.3244	0.68116	1.0639	1.193	0.98838	1.0071	1.014	1.0068
1.3694	4.162	1.1603	0.8398	1.2967	1.0141	1.0267	1.0124
1.2565	-4.6945	1.0363	1.2958	0.84097	0.98845	1.0109	1.0227
0.70578	-0.0091965	1.1177	0.76028	1.1448	0.98131	0.99408	1.013
0.94968	6.775	1.0188	1.1502	1.0272	0.97381	0.96548	0.99144
1.2087	-2.6917	1.2042	1.0101	1.1332	1.0416	1.0071	0.9669
0.78753	-0.44565	1.0672	0.95474	1.0941	1.0141	1.0168	1.0026
1.0104	-0.09578	1.1945	0.94865	1.202	0.94907	0.96898	1.021
1.0736	4.6364	1.0768	0.8865	1.1505	1.0171	0.98844	0.97185
1.1279	-1.9653	1.1838	0.9936	1.2053	1.0096	1.0015	0.99197
1.5672	-3.0523	1.0717	1.1542	0.98798	0.98337	0.98895	1.0057
1.225	10.525	1.1109	1.0136	1.2484	0.98551	0.97812	0.99251
0.63562	-2.0889	1.0946	0.80668	1.1125	1.0147	0.99102	0.97666
0.91805	-0.28932	1.1887	0.66419	1.2358	0.98792	0.98406	0.99609
1.1223	-1.3906	1.1026	1.1716	1.0568	1.0147	1.0036	0.98912
1.5794	-2.2852	1.2089	1.0407	1.1143	0.98554	0.98942	1.0039
0.43041	2.5181	1.042	0.8895	1.0691	1.0171	1.0067	0.98972
1.3469	2.9244	1.1184	0.96243	1.2105	0.97356	0.9848	1.0116
0.74309	-3.8087	1.0178	0.99826	1.0278	0.99753	0.98537	0.9878
0.8125	-5.6587	1.1462	1.0819	1.0668	0.99752	0.98443	0.98687
1.7351	7.795	1.0767	1.0535	1.0469	0.98015	0.97052	0.99017
1.8185	12.552	1.0279	0.75736	1.1915	0.99494	0.97037	0.97531
1.0616	7.9934	1.0302	0.70065	1.0887	0.9313	0.91758	0.98527
0.98788	9.3883	0.97892	0.47686	1.1152	0.98634	0.91887	0.93159
1.6466	12.966	0.96485	0.60438	1.101	0.96399	0.90537	0.93919
1.4073	1.3537	0.98844	0.65144	0.91928	1.0431	0.95747	0.9179
1.425	6.6878	0.98771	0.60169	1.0551	1.0248	0.99167	0.96768
1.1288	-9.8454	1.0888	0.79552	0.88925	0.97312	0.97838	1.0054
1.4377	0.88764	1.0714	0.58243	1.0314	1.0083	0.99659	0.9884
1.4923	5.5532	0.96941	0.79982	0.91013	1.0164	1.0206	1.0041
1.6057	3.3603	1.1102	0.63452	1.0879	1.0054	1.0237	1.0182
1.2768	5.1764	1.0573	0.6563	1.0699	1.0241	1.0409	1.0163
1.1447	8.5646	1.0011	0.66775	1.144	1.0026	1.0313	1.0286
1.386	2.9154	1.0987	0.50253	1.1827	0.98172	1.008	1.0268
1.4193	3.3	1.0332	0.67933	1.0603	1.0638	1.0624	0.99867
1.5901	11.499	1.0758	0.55715	1.147	0.965	1.0171	1.054
1.1696	3.2391	1.0796	0.55605	1.0978	0.99482	1.0056	1.0108
1.0577	0.62025	1.0927	0.45234	1.0774	1.0104	1.0104	1
1.1319	2.083	1.1247	0.53861	1.1084	1.0103	1.0146	1.0042
0.97784	3.4465	1.0294	0.79288	1.0376	0.9949	1.0068	1.0119
1.7088	4.4514	1.1139	0.4864	1.1667	1.0282	1.0292	1.001
1.2163	5.0144	1.0526	0.73664	0.98624	0.99501	1.0166	1.0217
1.3017	5.2172	1.1016	0.41345	1.1795	1.0451	1.0567	1.0111
1.6082	13.685	0.92771	0.69498	1.0665	1.0096	1.0551	1.0451
1.4746	2.0823	1.0878	0.68449	0.97339	0.962	1.0084	1.0482
1.5661	6.502	1.029	0.49221	1.1898	1.0691	1.0632	0.99448
1.3899	11.988	1.0264	0.30837	1.204	0.93072	0.98623	1.0597
1.324	-1.3128	1.1277	0.78392	0.98455	1.0347	1.0121	0.97816
1.5983	4.1213	1.1145	0.54385	1.1826	0.93046	0.94548	1.0161
1.0841	2.9934	1.0945	0.56734	1.1059	1.018	0.96371	0.94663
0.98796	1.3163	1.1092	0.54695	1.0889	0.97722	0.95074	0.97291
1.0073	-1.5235	1.0935	0.61999	1.0703	1.013	0.97203	0.9596
1.7213	4.4706	1.0718	0.72843	0.92361	0.99488	0.97189	0.97689
1.1917	3.939	1.0903	0.64205	1.0483	1.0154	0.99874	0.98357
1.1631	2.36	1.0602	0.67221	1.0334	0.96203	0.96784	1.006
1.5733	2.4365	1.1316	0.67483	1.0951	1.0474	1.0199	0.97373
0.83996	6.7564	1.0501	0.49685	1.0792	0.9598	0.98074	1.0218
1.5685	1.5459	1.1228	0.51906	1.1887	1.0262	1.0074	0.98169
1.2957	0.45078	1.0874	0.65905	1.0759	1.023	1.0256	1.0026
1.4274	5.8908	1.1387	0.61396	1.1764	0.94763	0.9753	1.0292
1.3527	3.5592	1.0715	0.62056	1.1647	1.0789	1.0453	0.96877
1.4351	9.6526	1.1054	0.65011	1.1198	0.93659	0.98241	1.0489
1.6377	5.7711	1.0795	0.54924	1.2143	1.0807	1.05	0.97154
1.3898	2.8585	1.1312	0.72087	1.0362	0.9253	0.97586	1.0546
1.126	2.2763	1.104	0.57761	1.1273	1.0469	1.0152	0.9697
1.6261	5.8646	1.0387	0.7059	1.0091	0.99502	1.0076	1.0126
1.4253	9.9165	1.0791	0.5786	1.1534	0.9675	0.97913	1.012
1.1034	-0.14383	1.0607	0.66559	1.0838	1.0284	1.0013	0.97358
1.3557	-1.4213	1.0979	0.61343	1.0411	0.98492	0.99178	1.007
1.2832	4.8134	1.0687	0.79316	1.0751	0.9898	0.98042	0.99052
1.495	7.0021	1.1117	0.53944	1.1917	0.99742	0.98662	0.98917
1.5472	8.1874	1.0599	0.62159	1.1525	0.99225	0.97897	0.98662
1.2079	10.188	1.0949	0.64205	1.1467	1.0286	1.0093	0.98116
1.1101	-0.2114	1.1202	0.58819	1.074	1.0152	1.0243	1.0089
1.4429	4.5535	1.082	0.832	0.98719	0.98005	1.0019	1.0223
1.2448	3.8437	1.1024	0.39485	1.1605	1.0458	1.0435	0.99778
1.5356	8.9531	1.0171	0.79712	0.99743	0.95864	0.99968	1.0428
1.3707	10.799	1.0716	0.37424	1.2414	1.0076	1.0044	0.99684
1.276	2.167	1.097	0.60253	1.1351	1.0378	1.0342	0.99655
1.141	-5.4544	1.1467	0.70821	1.0211	0.96359	0.9925	1.03
1.5621	6.1627	1.0613	0.5577	1.1624	1.0479	1.0332	0.98603
1.1822	1.2395	1.1149	0.58268	1.099	0.92067	0.9566	1.039
1.4946	8.2731	1.0348	0.5688	1.1682	1.0548	1.0056	0.95333
1.4802	9.6735	1.0731	0.6495	1.1752	0.94059	0.95507	1.0154
1.6921	5.1001	1.0554	0.53592	1.1385	1.0316	0.98585	0.95567
1.0351	-2.0115	1.0705	0.67171	1.0157	1.0077	0.99402	0.98647
1.5288	6.6852	1.0668	0.60963	1.0703	0.98481	0.98606	1.0013
1.3693	10.35	1.0157	0.5248	1.2141	1.0154	1.0019	0.98668
1.3336	6.2755	1.1032	0.48048	1.1984	0.97722	0.98848	1.0115
1.4498	11.13	0.99248	0.60972	1.1798	1.0078	0.99425	0.98658
1.0332	-2.1161	1.1267	0.54796	1.0719	0.99229	0.99229	1
1.6124	2.9191	1.0316	0.67768	0.95535	0.99223	0.98363	0.99133
1.3461	6.2825	1.0932	0.5034	1.1561	1	0.98648	0.98648
0.99535	5.6592	1.0193	0.60494	1.0461	0.99739	0.98804	0.99062
1.579	13.837	1.0068	0.38171	1.2733	0.97382	0.96749	0.9935
1.2404	3.6635	1.032	0.55853	1.0456	1.0054	0.97938	0.97414
1.4202	2.0335	1.1018	0.5471	1.0957	1.0053	0.98785	0.98259
1.4055	5.9153	1.0197	0.58019	1.0903	0.99734	0.98977	0.99241
1.2487	-5.1744	1.1049	0.63556	0.96916	1.024	1.0142	0.99043
1.1095	4.7941	1.0198	0.70492	1.0008	0.98958	1.0046	1.0152
1.2873	7.8025	1.0728	0.49124	1.1744	1	1.0056	1.0056
1.2409	2.1938	1.0543	0.67337	1.0381	1.05	1.05	1
1.8591	10.187	1.0515	0.46466	1.1904	0.87719	0.81277	0.92656
0.47854	2.9806	0.028597	0.75465	-0.25024	1.22	0.97656	0.80046
1.1957	-2.6615	1.1427	0.67111	1.0696	0.87588	0.85584	0.97712
1.564	5.871	1.0228	0.69456	1.0335	0.80214	0.70155	0.8746
0.40961	3.8623	0.020623	0.83533	-0.32177	1.49	1.0264	0.68886
1.1686	1.9233	1.1048	0.58912	1.0632	0.84116	0.86437	1.0276
1.4706	10.458	1.1023	0.60586	1.131	0.89096	0.7802	0.87569
0.61959	4.6857	0.034	0.76788	-0.23901	1.3493	1.0367	0.76835
1.3431	-3.1774	1.1305	0.80841	1.0012	0.81637	0.95844	1.174
1.3585	3.207	1.0393	0.65529	1.1087	1.1192	1.0776	0.96282
0.42091	3.305	-0.029336	0.68979	-0.089522	0.86199	0.93438	1.084
1.1155	5.1769	1.0773	0.38409	1.1376	1.1039	1.001	0.90672
1.6421	10.099	1.06	0.50851	1.1827	0.93893	0.96376	1.0264
1.3227	4.0768	1.0657	0.57577	1.1186	1.0325	0.99348	0.96219
1.3486	2.7137	1.1277	0.62062	1.1134	0.98688	0.96751	0.98038
1.8837	13.337	1.0382	0.58191	1.0719	1.0239	1.0125	0.98882
1.5075	9.2029	1.1225	0.37923	1.245	0.99221	1.0003	1.0082
1.7016	9.2813	1.0419	0.47769	1.1793	1.0052	1.0152	1.0099
1.3722	5.6267	1.1099	0.399	1.186	0.9974	1.0036	1.0062
1.9063	11.679	1.0477	0.51441	1.1035	1.0261	1.0298	1.0036
1.3553	-1.3904	1.1152	0.55398	1.14	0.9771	1.0013	1.0248
1.441	2.9567	1.0643	0.59812	1.1061	1.0339	1.0298	0.99611
1.6161	3.5063	1.0971	0.64742	0.92911	0.9597	0.98673	1.0282
1.611	14.291	0.99056	0.46499	1.2523	0.98688	0.97662	0.98961
1.3159	7.6945	1.0914	0.29213	1.2452	0.97872	0.96021	0.98108
1.4458	5.0898	1.0521	0.4451	1.2088	1.0489	1.0065	0.95958
1.1042	0.72672	1.1422	0.55167	1.1092	0.97927	0.98727	1.0082
1.5338	4.0461	1.0964	0.76633	1.0389	1.037	1.0242	0.98759
1.1682	7.6946	1.0745	0.63472	1.111	0.94133	0.96882	1.0292
0.91407	5.0584	1.0739	0.24693	1.0781	1.0352	1.0079	0.97361
1.4758	4.1073	1.0827	0.51516	1.1512	1.0026	1.0099	1.0073
1.2692	0.87391	1.072	0.55775	1.0874	1.0026	1.0099	1.0072
1.6882	3.7417	1.0896	0.70629	0.93414	0.99479	1	1.0052
1.1679	3.976	1.0432	0.72031	1.0571	0.99476	0.99672	1.002
1.3425	4.8313	1.0925	0.50146	1.1461	0.96316	0.96379	1.0007
1.1966	4.5097	1.0543	0.33713	1.1542	1.0492	1.0139	0.96634
1.2498	5.9856	1.0672	0.4971	1.1306	0.9349	0.95099	1.0172
1.2467	2.7688	1.0702	0.40072	1.1408	1.078	1.0235	0.94942
1.594	6.2699	1.0612	0.5635	1.1345	0.94057	0.96873	1.0299
1.4498	2.4686	1.0502	0.65318	1.0672	1.0522	1.0196	0.96905
1.4463	7.4335	1.0862	0.65559	1.0074	0.99739	1.017	1.0196
1.2176	3.2144	1.0797	0.66936	1.0527	1.0105	1.0256	1.0149
0.9581	0.026749	1.0833	0.5426	1.079	1.0181	1.0349	1.0165
1.6006	8.9909	1.0539	0.51334	1.2031	0.96692	1.002	1.0363
1.2067	9.8596	1.0373	0.52865	1.1243	1.0079	1.002	0.99411
1.2163	3.8051	1.1403	0.55998	1.1576	0.97911	0.9849	1.0059
1.6295	7.5825	1.0254	0.62025	1.1079	1.0187	0.99739	0.97911
1.6846	8.3345	1.0911	0.44622	1.1913	1.0079	1.0046	0.99674
1.4466	2.8235	1.0493	0.69263	1.0598	0.99481	0.99902	1.0042
1.2131	8.7601	1.1034	0.43931	1.1695	0.98956	0.99085	1.0013
1.3713	10.044	1.0267	0.53631	1.1776	1.0053	1	0.99475
1.4915	0.59867	1.1218	0.55399	1.1335	1.021	1.018	0.99706
1.3484	4.4914	1.0523	0.76013	1.0549	1.0103	1.0251	1.0147
1.7096	6.3969	1.103	0.71124	0.98761	0.98982	1.0101	1.0204
1.111	-2.8465	1.1111	0.60682	1.0786	0.98458	0.99416	1.0097
1.3509	0.48702	1.1667	0.58435	1.0981	0.97911	0.97656	0.9974
0.91371	-5.6468	1.1139	0.76419	1.0032	1.032	1.0065	0.97529
1.4697	9.5962	1.1097	0.56212	1.1963	0.94832	0.95822	1.0104
1.2143	9.3011	1.0183	0.55882	1.1423	1.0381	0.99478	0.95822
1.4828	4.3026	1.1103	0.43373	1.2251	0.96063	0.96284	1.0023
1.0388	-2.5049	1.0927	0.57786	1.0622	1.0301	0.99702	0.96793
1.1766	-0.48034	1.138	0.41463	1.1375	1.0371	1.0334	0.99637
1.2935	-1.3238	1.0851	0.91321	0.88317	0.9821	1.0145	1.033
1.4599	9.1326	1.0924	0.6124	1.0863	1.0182	1.0276	1.0092
1.5314	11.378	1.0344	0.57174	1.2155	0.97187	1.001	1.03
1.1413	1.8888	1.1492	0.33557	1.1632	1.0079	1.0036	0.99574
0.98794	-3.3039	1.082	0.74013	0.98796	1.0183	1.0189	1.0007
1.5054	4.7855	1.1279	0.68244	1.1491	0.98205	0.99513	1.0133
1.1483	4.7341	1.0895	0.42602	1.1917	1.0157	1.0068	0.99126
1.6151	4.5046	1.1017	0.58237	1.062	0.96658	0.97789	1.0117
1.3689	9.7869	1.0326	0.54132	1.1562	0.9867	0.96898	0.98204
1.3046	4.2076	1.1384	0.5344	1.1472	1.0108	0.98457	0.97407
1.9065	16.931	1.0027	0.56431	1.1904	1.0373	1.0183	0.98168
1.5294	8.8928	1.0965	0.43738	1.2396	0.98972	1.0072	1.0177
1.4411	-2.4611	1.1354	0.83694	0.91226	1.0286	1.0339	1.0052
1.8262	8.568	1.107	0.51811	1.1117	0.96212	0.99543	1.0346
1.0912	6.9066	1.098	0.66906	1.1217	0.98163	0.98195	1.0003
1.5813	4.2059	1.1377	0.36705	1.265	1.0294	1.0079	0.97906
1.5234	8.2377	1.062	0.48483	1.1942	0.99481	0.9987	1.0039
1.2123	-3.8141	1.1347	0.68035	1.0491	1.0183	1.012	0.99384
1.3839	8.1933	1.0386	0.75239	1.0777	0.97436	0.98894	1.015
1.5958	5.4391	1.0828	0.44201	1.172	0.94737	0.94457	0.99705
1.4599	10.011	1.0432	0.45444	1.2571	1.0556	1.0023	0.94955
1.1834	3.0246	1.1604	0.50746	1.1975	0.94474	0.95384	1.0096
1.4563	9.36	1.0665	0.42242	1.2563	1.078	1.0238	0.94974
1.6667	6.0202	1.119	0.57358	1.179	0.94057	0.9697	1.031
1.7699	7.5566	1.0606	0.61095	1.1105	1.033	1.004	0.97196
1.5876	7.5309	1.1176	0.64674	1.2097	0.97606	0.98755	1.0118
1.847	7.657	1.0644	0.65613	1.1066	1.0136	1.0037	0.99022
1.7179	7.4053	1.1297	0.60562	1.1975	1.0161	1.0137	0.99765
1.5474	10.265	1.0533	0.53526	1.1884	0.97884	0.99563	1.0172
1.7772	17.758	1.0671	0.374	1.3518	0.94865	0.94705	0.99831
1.597	7.1626	1.1335	0.578	1.2636	1.0028	0.96109	0.95836
1.7281	6.9991	1.0757	0.53489	1.1703	1.0625	1.0177	0.95782
1.5814	7.3255	1.003	0.64361	1.0764	0.99198	1.0112	1.0194
1.577	6.6442	0.91015	0.72254	0.78495	0.98383	0.99557	1.0119
1.3574	4.6652	0.93367	0.61068	0.93982	0.96438	0.9667	1.0024
1.723	1.6633	1.0565	0.43908	0.97877	1.0114	0.98513	0.97406
1.0817	-0.26878	0.98759	0.49417	0.99815	1.0449	1.0287	0.98445
1.5791	5.249	1.0292	0.63997	1.0354	0.94624	0.97305	1.0283
1.0576	4.7961	0.7735	0.26055	0.9555	0.88352	0.87206	0.98703
1.1003	5.6184	0.72619	0.48714	0.5564	1.1736	1.0267	0.87482
1.096	2.0718	0.91589	0.40171	1.0081	0.9589	0.99185	1.0344
1.0291	2.1303	0.95469	0.40951	1.0135	1.0171	1.0121	0.99502
1.13	0.50202	0.9057	0.42408	0.99933	1.0506	1.055	1.0042
1.073	3.9181	0.8682	0.36942	1.0322	0.96524	1.0165	1.0532
0.99474	-7.1172	0.85908	0.48917	0.91349	0.99723	1.018	1.0209
1.2683	3.6949	0.86728	0.61447	0.97278	0.95	0.97056	1.0216
1.0094	-4.3065	0.89774	0.69222	0.83341	1.0263	0.98216	0.95698
0.96638	-2.7623	0.86962	0.54777	0.8591	1.0256	1.0091	0.98388
0.85032	-10.8	0.90896	0.65942	0.83936	0.99444	1.0007	1.0063
1.219	0.21403	0.9324	0.45127	1.0029	1.014	1.0122	0.99826
0.78927	-5.4378	0.91695	0.4536	0.91782	1.0468	1.0574	1.0101
1.1191	3.8061	0.91209	0.47676	1.0367	1	1.0504	1.0504
1.1234	-1.2319	0.91791	0.48469	0.96521	1.0105	1.0528	1.0418
0.94644	0.59912	0.91625	0.6875	0.95394	1.0547	1.0869	1.0305
1.2899	0.35504	0.93215	0.41999	1.0282	0.99259	1.0607	1.0686
1.2703	3.3464	0.901	0.66406	0.87891	0.99502	1.0417	1.0469
0.8638	-1.3176	0.95508	0.36959	0.97909	0.9725	1.0029	1.0313
1.2098	0.36831	0.89907	0.61708	0.9779	1.0231	1.0147	0.99171
0.93309	-5.646	0.9353	0.54322	0.98665	1.0151	1.0221	1.007
0.8702	-4.3573	0.91974	0.61674	0.98507	1.0396	1.0493	1.0094
1.2642	-2.904	0.94556	0.68837	0.85833	0.96905	1.0096	1.0419
0.89798	5.7574	0.89857	0.39241	1.008	0.99754	1.0068	1.0093
1.3732	2.6074	0.93592	0.51767	1.0496	0.98522	0.99256	1.0074
0.84925	-1.7666	0.92471	0.70082	0.90002	1.03	1.0185	0.98888
0.97876	-5.1741	0.95952	0.68813	0.96153	0.98058	0.99416	1.0138
1.2679	2.7736	0.91004	0.52475	0.99491	0.98267	0.97723	0.99446
0.94803	4.4333	0.95074	0.39821	1.0729	0.96977	0.95327	0.98298
1.0919	3.4148	0.93124	0.40802	0.99013	1.026	0.98565	0.9607
0.89806	-6.8759	0.97658	0.56903	0.98846	0.99494	0.98496	0.98997
1.4238	0.94689	0.92363	0.45334	0.9918	1.0178	1.0044	0.98682
1.1467	-2.2366	0.93215	0.74468	0.99388	1.0125	1.0154	1.0028
0.87349	-2.467	0.96169	0.57215	0.93324	0.94568	0.96901	1.0247
1.4751	5.8166	0.92933	0.55715	1.007	1.0261	0.99778	0.97239
0.96477	-3.1511	1.0003	0.53083	1.0291	0.97964	0.9812	1.0016
0.92	-4.7159	0.95087	0.46335	0.96738	1.0338	1.0102	0.97716
1.8331	8.8636	0.92342	0.53697	0.89291	0.98241	0.99365	1.0114
1.3086	1.7163	0.96254	0.46955	1.086	0.96419	0.96296	0.99872
1.2471	3.6824	0.93247	0.51644	1.0577	1.0265	0.99263	0.96698
1.0194	-5.329	1.008	0.65346	0.96867	0.96382	0.96663	1.0029
1.1538	0.88661	0.96968	0.60746	0.97296	1.0188	0.98573	0.96757
1.2032	1.2689	0.98421	0.7906	0.95289	1.0132	1.0013	0.9883
0.93926	-4.356	0.9621	0.47552	0.9955	0.9974	0.99902	1.0016
1.3393	0.84325	0.95751	0.67836	0.90518	0.98438	0.98985	1.0056
1.0454	-4.5465	0.94741	0.60857	0.90663	1.0291	1.0193	0.9905
1.1417	6.7892	0.92917	0.6818	0.98294	0.94859	0.96946	1.022
1.0262	2.2678	0.95263	0.59712	1.0191	1.0488	1.0167	0.96946
1.2448	0.46932	0.91535	0.55027	1.0148	1.0103	1.0212	1.0108
0.9814	-8.0741	0.96313	0.71991	0.84819	0.98465	1.0039	1.0196
1.0879	6.3725	0.91371	0.57821	0.9589	1.026	1.0266	1.0006
1.27	1.2301	0.94868	0.42006	1.0224	0.9519	0.9798	1.0293
1.392	2.9831	0.92568	0.4613	1.0667	1.0505	1.0236	0.97441
1.2723	1.8299	0.95918	0.50428	0.99962	0.96203	0.98765	1.0266
0.82801	1.043	0.93225	0.68937	0.90473	1.0158	0.99774	0.98223
1.1461	2.0112	0.94828	0.43058	1.0651	1.0233	1.0184	0.99517
1.198	1.0372	0.96082	0.82957	0.89724	0.96709	0.98772	1.0213
1.5133	10.909	0.87499	0.49048	1.0332	0.81152	0.7104	0.87539
0.74181	-0.39045	0.081212	0.41397	0.13859	1.5226	1.0583	0.69507
1.556	2.7929	0.94375	0.48322	1.028	0.83898	0.88294	1.0524
1.1483	7.4157	0.89805	0.58883	1.0704	1.0253	0.90247	0.88024
1.3562	-0.0018922	0.94692	0.5239	0.94427	0.93842	0.84667	0.90222
1.0635	-0.58788	0.96451	0.7305	0.95263	1.042	0.87953	0.84409
1.0076	1.8515	0.96119	0.3903	1.0334	0.94207	0.83343	0.88468
0.85125	-6.3695	0.9793	0.6088	0.98624	1.0401	0.86517	0.8318
1.2008	-0.89575	0.97824	0.58518	1.0118	0.98458	0.9581	0.97311
1.2985	-2.8611	0.99712	0.76146	0.82398	1.0078	0.99229	0.98458
0.99321	-0.48419	1.0034	0.51677	1.0445	1.0078	1.0023	0.99452
1.1512	-1.1868	0.9697	0.51747	1.0663	0.98715	0.99643	1.0094
1.1091	-2.0974	1.0098	0.57104	1.0683	0.99479	0.99092	0.99611
1.5383	9.1593	0.94489	0.60311	0.99935	0.96335	0.96367	1.0003
1.1362	0.62078	1.0307	0.79037	0.93072	0.99185	0.95863	0.96651
1.4296	10.506	0.93085	0.55904	1.0796	0.96712	0.93821	0.9701
1.3294	-3.2012	0.98846	0.77208	0.99859	1.0312	0.97359	0.94417
1.1288	0.71088	0.99188	0.63668	1.0117	0.97253	0.95708	0.98412
1.4501	5.8844	0.99166	0.48823	1.1221	1.0254	0.99011	0.96556
1.2363	-1.8787	1.0264	0.58396	1.0115	1.0964	1.0804	0.98541
1.1776	8.839	1.0025	0.56029	1.1047	0.99749	1.0722	1.0749
1.3634	-2.7188	1.0248	0.68482	1.038	1.0353	1.0942	1.0569
1.4646	7.2837	0.99641	0.54007	1.0869	0.94161	1.0228	1.0862
1.2443	5.2728	1.0277	0.61235	1.1525	0.97674	0.99083	1.0144
1.6573	3.6145	1.034	0.49829	1.1432	1.0503	1.0295	0.98023
1.483	11.118	0.99417	0.499	1.1652	0.93451	0.9568	1.0239
1.4665	11.592	0.97576	0.61761	1.1565	1.0539	0.99936	0.94824
1.2464	3.2008	1.0585	0.69446	1.1384	0.91816	0.92915	1.012
1.1332	1.1284	1.027	0.40613	1.1171	1.0418	0.97523	0.93611
1.1097	3.3511	0.9643	0.45165	1.0398	1.0053	0.99176	0.98648
1.6838	5.1194	1.0144	0.59449	1.101	0.94681	0.9487	1.002
1.1555	5.4863	0.99113	0.53077	1.1285	1.0393	0.98864	0.95124
1.0462	2.5676	1.0241	0.42202	1.1084	0.95946	0.96206	1.0027
1.5343	10.322	0.98938	0.37152	1.2211	1.0282	0.99117	0.96402
0.93033	4.411	0.97331	0.35815	1.074	1.0493	1.0429	0.99387
1.261	1.2558	1.0287	0.65429	1.0461	1	1.0344	1.0344
1.2406	5.4266	1.0035	0.49	1.1365	1.0052	1.036	1.0306
1.4217	6.9111	0.92283	0.71678	0.80936	0.95584	0.99292	1.0388
1.4961	5.3394	1.0324	0.57256	1.1003	0.97283	0.96528	0.99225
1.296	7.8405	0.94094	0.5047	1.108	1.0559	1.0165	0.96269
1.349	11.228	0.90781	0.66396	1.0273	0.98677	0.99699	1.0104
0.98991	6.4248	1.0193	0.49957	1.1068	0.97855	0.97561	0.99699
0.95773	3.3976	0.96172	0.64924	1.0382	1.0658	1.0377	0.97366
0.96349	-7.4948	1.0497	0.50723	1.0086	0.94859	0.98894	1.0425
1.1101	-2.116	1.0032	0.6129	1.0257	1.0488	1.0365	0.98828
1.522	6.2238	1.035	0.67835	1.0939	0.97158	1.0043	1.0337
1.321	2.6095	1.0008	0.69947	0.97626	1.0293	1.0238	0.99471
1.0585	4.3297	1.0582	0.49113	1.0963	1.0078	1.0277	1.0198
1.3951	6.2593	0.99886	0.49345	1.1452	0.97949	1.0036	1.0246
1.4212	7.0292	1.0044	0.45992	1.1407	0.95812	0.96126	1.0033
1.1457	1.4593	1.0397	0.50987	1.1247	1.0137	0.98018	0.96697
1.1274	-1.5947	1.0406	0.89677	1.007	0.96765	0.95162	0.98343
1.3511	4.1628	1.028	0.54066	1.1027	1.0195	0.97698	0.95829
1.2115	-0.27501	1.0001	0.70809	0.93714	1.0164	0.99432	0.97828
1.1757	1.2717	0.99302	0.6589	1.0473	0.95968	0.96389	1.0044
1.2646	6.1563	1.0021	0.5417	1.1024	0.9888	0.96514	0.97608
1.4139	2.2057	0.97522	0.56683	1.0565	1.068	1.0325	0.96679
1.3554	8.1726	0.96135	0.46425	1.0477	0.96286	0.9952	1.0336
1.4397	5.0904	0.88121	0.50923	0.95254	1.0386	1.0315	0.99316
1.4478	1.1025	0.9265	0.41192	1.0308	0.96021	0.98941	1.0304
1.0943	-3.3274	0.9579	0.87434	0.89331	0.98343	0.97635	0.9928
1.2559	1.8808	0.96788	0.58471	0.98775	1.014	0.99381	0.98004
1.0658	-4.4672	0.9941	0.56146	0.8832	0.99446	0.98762	0.99312
1.195	2.8777	0.95473	0.35456	1.0921	1.039	1.0191	0.98087
1.6134	2.318	0.97821	0.52991	0.97815	0.98123	1.0038	1.023
1.2904	1.1019	0.95205	0.49595	1.01	1.0492	1.0456	0.9966
1.2866	3.2468	0.9775	0.57864	1.0467	0.98177	1.0265	1.0456
1.6731	6.6483	1.034	0.51238	1.0821	1.0345	1.0519	1.0169
1.2922	8.9862	0.91456	0.45229	1.1347	0.97179	1.0144	1.0438
1.2462	-5.5712	1.0539	0.58997	1.0511	1.0079	1.0153	1.0073
1.4554	7.1538	0.93118	0.58224	0.96474	1.0419	1.0443	1.0023
1.2943	13.977	0.90648	0.54043	1.0977	0.94975	0.99018	1.0426
1.4365	10.146	0.95413	0.32082	1.173	1.045	1.025	0.98086
1.0423	1.0763	1.0289	0.41247	1.0402	0.9443	0.97135	1.0286
1.2274	1.0032	0.97255	0.72851	0.95896	1.0643	1.0272	0.96507
1.3023	8.4838	0.98557	0.83033	1.0112	0.93451	0.96583	1.0335
1.3168	7.2873	0.98631	0.64176	1.0799	0.9973	0.96606	0.96867
1.3092	5.5453	1.0104	0.45953	1.1329	1.0162	0.98365	0.96795
1.2033	5.2782	0.98386	0.46875	1.1123	0.9734	0.96761	0.99405
1.1006	3.6542	0.93502	0.48447	1.0606	1.0137	0.98311	0.96986
1.1523	-0.046029	1.0379	0.46146	1.095	0.9407	0.93912	0.99832
1.3843	7.501	0.95532	0.37676	1.1483	1.0688	1.0037	0.93912
1.1475	3.699	0.94794	0.4142	1.0784	0.96515	0.98093	1.0163
0.95948	-4.8661	1.0313	0.54439	1.0426	0.99167	0.97741	0.98563
1.2923	12.755	0.87268	0.50515	1.1398	1	0.98178	0.98178
1.275	3.373	1.0069	0.72339	0.97968	0.95798	0.95165	0.99339
1.1807	2.3205	0.96756	0.65936	1.0096	1.0205	0.97691	0.95731
0.89688	-0.52406	0.98724	0.53221	1.0025	0.94556	0.93717	0.99113
1.3244	6.7891	0.93407	0.54036	0.98781	1.0818	1.011	0.93451
1.0454	2.2496	0.93978	0.73579	0.94033	0.96639	0.98677	1.0211
0.97165	-1.9244	1.0236	0.47286	0.98063	1.0377	1.0247	0.98748
1.2299	4.8746	0.93574	0.41794	1.0595	0.61453	0.66215	1.0775
1.032	8.2904	0.34669	-0.12925	0.42909	1.9227	1.2423	0.64611
1.0389	3.7621	0.97024	0.42981	1.0216	0.87943	1.0806	1.2288
0.99999	2.9455	0.89489	0.61162	0.93654	1	1.0717	1.0717
1.1665	1.7488	0.99375	0.40046	1.0645	0.93011	0.99105	1.0655
1.0329	4.1238	0.92122	0.66624	1.0011	1.0173	1.01	0.99283
1.4546	4.6583	0.95795	0.56011	0.94214	0.90341	0.92141	1.0199
0.87444	-3.1248	0.9663	0.39025	0.97017	1.0786	0.99927	0.92644
1.4801	11.298	0.87572	0.51801	0.99491	1.0146	0.96868	0.95477
1.2928	-1.9298	0.96088	0.65696	0.91043	0.95115	0.95183	1.0007
1.0699	4.6307	0.93609	0.42101	1.0494	1.0665	1.0221	0.95838
1.4188	6.8481	0.92669	0.77994	0.91314	0.95751	0.99084	1.0348
1.186	0.77461	0.95533	0.64191	0.97649	1.0207	1.0117	0.9912
1.2235	3.4584	0.9368	0.67771	0.97852	1.0174	1.0297	1.0121
1.2893	7.1255	0.91426	0.4617	1.1204	1.0313	1.0451	1.0134
1.4526	9.1648	0.89454	0.62449	0.97906	0.96409	1.0054	1.0429
1.253	4.5146	0.95059	0.50663	0.98246	1.0057	1.0101	1.0043
0.87046	1.5799	0.94032	0.49912	0.98255	1.0085	1.0103	1.0018
1.2429	6.1382	0.95226	0.33269	1.1126	0.99718	1.0075	1.0103
1.1221	5.4556	0.89444	0.3924	1.063	1.0142	1.0145	1.0004
1.2321	2.193	0.96405	0.43986	1.0569	1.0084	1.0173	1.0088
0.94948	2.2593	0.97545	0.54585	1.0182	0.97784	0.99402	1.0165
1.1207	2.3396	0.96568	0.76166	0.92296	1.0453	1.0365	0.99157
1.2625	4.9381	0.93501	0.6687	1.0256	0.97561	1.0073	1.0325
1.2865	2.9963	0.97649	0.69667	0.85244	0.97222	0.97971	1.0077
1.6033	5.374	0.90537	0.56124	1.0156	1.0371	1.0129	0.97663
1.0762	-4.4622	0.96328	0.85203	0.7736	0.96694	0.9801	1.0136
1.3911	4.8961	0.96727	0.44895	1.1133	1.0057	0.98741	0.98182
1.0267	-1.836	0.97234	0.67319	0.95399	1.0085	0.99755	0.98914
1.2189	4.6572	0.98046	0.63865	1.0647	0.92978	0.9347	1.0053
1.5136	5.7982	0.92694	0.66532	1.0066	1.0363	0.97756	0.94336
1.5407	6.7527	0.95059	0.44686	1.1222	1.0583	1.0335	0.97651
1.4935	6.6127	0.96588	0.50468	1.1336	0.95317	0.98646	1.0349
1.483	13.069	0.86954	0.69151	1.0634	1.0116	1.0025	0.99105
1.1707	4.2561	0.98526	0.52841	1.0714	0.97714	0.98276	1.0057
1.1983	8.4985	0.94745	0.49129	1.1107	1.0292	1.0119	0.98311
1.5841	7.3809	0.99898	0.44261	1.1739	0.95455	0.97286	1.0192
1.2866	4.949	0.96762	0.62112	0.98005	1.0417	1.0065	0.96621
1.2078	4.8867	0.98469	0.50616	1.0738	0.95714	0.96611	1.0094
1.2316	4.7075	0.95591	0.37777	1.0864	1.0239	0.99637	0.97313
1.1235	1.913	1.0296	0.42763	1.0702	0.99125	0.98981	0.99854
1.4456	11.918	0.88185	0.46114	1.1171	1.0471	1.0341	0.98765
1.1182	2.8833	0.97874	0.61331	1.0138	0.95506	0.98837	1.0349
0.74728	0.082998	0.9816	0.51962	0.96111	1.0324	1.0207	0.98873
1.1886	6.9599	0.87587	0.48176	0.92902	0.98006	0.99746	1.0178
1.5879	2.9487	0.94832	0.45864	0.95428	1.0174	1.0149	0.99746
1.2997	3.5035	0.95357	0.53492	1.032	0.99429	1.0043	1.0101
1.0708	3.2027	0.95446	0.56781	0.94988	0.97989	0.98484	1.0051
0.94192	-1.1519	0.91712	0.67572	0.89723	1.0381	1.0172	0.97989
1.2413	-4.7257	0.9222	0.57562	0.79661	0.9548	0.97758	1.0239
1.4501	6.4232	0.85056	0.33106	1.0374	0.63018	0.6457	1.0246
1.3475	10.898	0.20479	-0.30591	0.54108	2.1127	1.3148	0.62235
0.89251	0.79575	0.88204	0.57889	0.89762	0.80444	1.0508	1.3062
0.96083	-1.1508	0.89645	0.51527	0.92838	0.97238	1.021	1.05
0.86843	3.1217	0.96201	0.57341	0.94887	0.97727	0.99927	1.0225
1.2419	4.2906	0.89344	0.65379	0.9657	1.0029	1.0007	0.99782
1.4639	5.908	0.90867	0.43769	1.012	1.029	1.0294	1.0004
1.3169	1.6874	0.98159	0.38791	1.1079	0.97183	0.99783	1.0268
1.5922	12.665	0.87709	0.3527	1.1729	0.96812	0.92553	0.95601
1.0671	1.7596	0.94323	0.50693	1.0069	0.99401	0.95919	0.96497
0.86032	1.3402	0.97824	0.46251	1.0647	1.0572	1.0181	0.96302
1.2719	11.81	0.79751	0.41529	1.0055	0.97721	0.99818	1.0215
0.91694	0.18768	0.85286	0.59989	0.88295	1.0437	1.0366	0.99312
1.1446	2.1647	0.85953	0.17989	0.9071	1.0307	1.0592	1.0276
0.73907	0.067517	0.86805	0.78699	0.76273	0.9729	1.029	1.0577
1.1767	2.0464	0.90436	0.27475	0.96514	1.0223	1.0437	1.021
1.251	0.87045	0.89315	0.57856	0.92629	1.0136	1.0438	1.0298
1.4648	8.1997	0.87753	0.40553	1.0277	0.97312	1.0052	1.033
1.1642	3.978	0.87629	0.55481	0.99737	1.0249	1.0231	0.99828
1.2286	7.5405	0.91807	0.27435	1.0804	0.96226	0.97976	1.0182
1.061	3.745	0.87966	0.38814	0.97408	1.042	1.016	0.97508
1.2386	4.9433	0.84723	0.52288	0.95347	0.9543	0.97427	1.0209
1.4626	7.9769	0.85037	0.37419	1.0353	0.98873	0.96594	0.97695
0.88404	-1.9186	0.89163	0.61852	0.90876	1.1168	1.0696	0.95771
1.3529	2.7838	0.89166	0.44714	0.97179	0.92857	0.9959	1.0725
1.0831	-0.01723	0.91188	0.48288	0.91593	0.96429	0.96395	0.99966
1.021	2.2692	0.90855	0.2963	1.029	1.0826	1.0404	0.96099
1.2844	3.3311	0.94546	0.51955	1.0474	0.95526	0.9918	1.0383
1.4898	8.4984	0.87102	0.32492	1.0758	1.0193	1.0116	0.99248
1.2289	5.26	0.90483	0.35753	1.0242	0.95405	0.9658	1.0123
1.1167	2.4161	0.90381	0.29163	1.0693	1.0368	0.99626	0.96087
1.2109	5.3829	0.89387	0.50676	1.0482	1.0492	1.0481	0.99898
1.4047	-1.3101	0.96472	0.58147	0.9187	0.99219	1.0339	1.0421
1.3994	7.0711	0.91659	0.47461	1.0587	1.0525	1.07	1.0167
1.1356	8.3999	0.90485	0.37953	1.0765	1.0274	1.0878	1.0587
1.1378	4.6866	0.97033	0.3407	1.0242	1.0073	1.0772	1.0694
1.4556	6.3313	0.89855	0.52579	1.0433	1.0361	1.0948	1.0567
1.0065	-7.3182	0.97927	0.61534	0.93576	0.92326	0.99686	1.0797
1.1963	3.2507	0.92295	0.44949	0.96916	1.0579	1.037	0.98025
1.4258	4.1142	0.929	0.51371	0.98856	0.94286	0.97417	1.0332
1.4037	8.2136	0.86478	0.48384	0.98083	1.0051	0.974	0.9691
1.3328	5.6273	0.90696	0.43701	1.0267	1	0.97489	0.97489
1.5514	6.7666	0.88888	0.48996	0.98935	0.97487	0.95743	0.98211
0.99691	5.1072	0.91085	0.28723	1.0159	1.0567	1.0133	0.95891
1.0649	2.0949	0.91799	0.5597	0.94359	0.91951	0.94724	1.0302
1.5402	5.9353	0.90746	0.33662	0.96501	1.0292	0.97764	0.94992
1.0449	2.8483	0.9235	0.34087	1.0073	1.0438	1.0253	0.98228
1.2259	-0.32105	0.94766	0.7683	0.82838	0.91358	0.94448	1.0338
1.3535	3.6213	0.91444	0.46461	1.0117	1.0595	1.0026	0.94629
1.2274	7.8964	0.89361	0.485	1.0318	0.9949	1	1.0051
1.3713	3.6073	0.93642	0.35499	1.0753	0.97436	0.97686	1.0026
0.92299	-1.4981	0.91812	0.42932	0.95687	1.0237	1.0068	0.9835
1.6068	9.3241	0.88183	0.60311	0.94529	0.93316	0.94378	1.0114
1.7715	13.356	0.90552	0.3569	1.121	1.0331	0.97911	0.94778
1.3652	7.5438	0.91028	0.69501	0.95632	0.98133	0.97258	0.99108
1.3192	7.9253	0.93371	0.40316	1.075	0.99457	0.96857	0.97387
1.0962	9.6723	0.91667	0.44076	1.1289	1.0109	0.98634	0.97567
1.2768	9.9267	0.84522	0.42031	1.0449	1.0027	0.99531	0.99262
1.0387	2.29	0.94302	0.32076	0.9773	0.96226	0.96519	1.003
1.3138	5.0865	0.90197	0.48936	1.0334	1.1064	1.0658	0.96324
1.3436	2.6937	0.85091	0.51656	0.86703	0.92911	0.98889	1.0643
1.0627	-8.1434	0.94907	0.51584	0.858	0.97003	0.96542	0.99525
1.0636	-0.60933	0.93697	0.36852	0.98342	1.0281	0.99322	0.96608
1.1766	-3.0968	0.89022	0.49259	0.95119	1.0328	1.0216	0.98919
1.5138	7.5414	0.85248	0.32822	1.0278	0.99735	1.0165	1.0192
1.2316	6.5989	0.88749	0.37291	1.0386	0.9443	0.96477	1.0217
1.0388	3.9256	0.93646	0.28345	1.0114	1.0253	0.98649	0.96216
1.3278	6.1128	0.85037	0.38597	0.97861	0.99178	0.98941	0.99761
1.2321	1.0637	0.91316	0.36002	1.0105	1.0028	0.9935	0.99076
1.2016	-0.23947	0.93671	0.45253	0.98959	1.0634	1.0457	0.98341
1.1039	-3.5491	0.90569	0.72938	0.78585	0.94819	0.99153	1.0457
0.91459	-2.2148	0.89	0.53422	0.85346	0.97268	0.97168	0.99898
1.0268	0.27702	0.86583	0.52882	0.87868	1.0449	1.0171	0.97334
1.0003	-1.2987	0.88894	0.47631	0.92853	1.0242	1.0329	1.0085
1.278	7.099	0.85692	0.55216	0.92919	0.95013	0.98236	1.0339
1.4525	2.3896	0.89636	0.37697	1.0162	1.0387	1.0155	0.97772
0.9857	1.5769	0.90088	0.37029	0.95093	1.0186	1.0275	1.0087
1.3167	6.4751	0.8477	0.45533	1.0027	0.96345	0.99562	1.0334
1.3732	7.4832	0.8742	0.25054	1.088	0.99729	0.99225	0.99494
1.2357	-0.25942	0.94634	0.46674	0.96624	1.0245	1.0094	0.98527
1.5764	10.419	0.86704	0.50951	1.03	1.0531	1.0541	1.001
1.3355	3.2453	0.91258	0.49048	0.9995	0.93451	0.98834	1.0576
1.304	6.0811	0.95348	0.33748	1.0464	1.027	1.0086	0.98213
0.77484	0.42133	0.92729	0.56548	0.93299	1.0079	1.0139	1.0059
1.0844	-6.0131	0.92202	0.56271	0.93176	0.95833	0.97645	1.0189
1.3731	4.0367	0.91528	0.34228	1.0674	1.0082	0.98376	0.9758
1.3476	-0.40501	0.94712	0.60449	0.98651	1	0.98278	0.98278
1.2207	5.9912	0.89964	0.37357	1.0332	0.97035	0.95904	0.98834
1.2956	6.9499	0.87843	0.37401	1.0513	1.0111	0.98047	0.9697
1.4514	5.2404	0.92192	0.41594	1.0862	1.0027	0.98516	0.98246
