0.89636	4.2745	1.2725	1.1149	1.8583	0.87259	0.88845	1.0182
0.94479	5.9163	0.65991	0.63168	1.5695	1.0354	0.91273	0.88152
1.1205	-2.129	0.99365	0.44232	0.62917	1.0342	0.96414	0.93227
0.88615	-2.7805	0.87772	2.0955	1.5003	1.1281	1.0664	0.94531
0.92833	-1.6985	1.1295	1.5276	1.7888	1.2015	1.2053	1.0032
1.0635	-0.037748	1.2067	1.1089	-0.56802	0.95122	1.1636	1.2233
0.98797	0.3662	0.38925	1.3613	0.43937	0.77885	0.91828	1.179
0.98683	-5.8748	0.5202	1.1164	0.90165	0.97942	0.9084	0.92748
1.0454	2.985	0.5196	0.6754	1.656	1.0756	0.96331	0.89558
1.042	-3.0899	0.62466	0.5051	0.60484	0.55078	0.55485	1.0074
0.93637	-6.8795	1.7699	0.811	0.10581	1.6525	0.92095	0.55731
1.022	-10.993	0.65552	1.5606	1.7868	1.0987	1.0204	0.92875
1.0812	-1.9883	1.3197	0.50636	0.30562	0.82422	0.89312	1.0836
1.0278	-2.9748	0.60803	0.69334	0.83189	1.0948	1.0216	0.93311
0.95928	0.0062901	0.91412	1.5057	-0.74909	0.79221	0.83705	1.0566
0.84664	8.7199	1.0429	1.5906	-0.40214	1.5792	1.2844	0.81333
1.1022	-6.0623	0.5701	0.68636	-0.57934	0.85121	1.0994	1.2916
1.1022	-6.5643	0.5324	0.998	0.70658	0.80894	0.86147	1.0649
0.90593	0.54597	1.1197	0.43835	1.7371	1.1709	1.0087	0.86147
0.93213	-2.5074	1.1517	1.3416	0.52396	1.0944	1.1045	1.0092
1.1111	-1.7097	0.48647	1.7922	0.54138	1.1333	1.201	1.0597
0.99632	-5.4888	1.548	1.634	0.46142	0.7128	0.86737	1.2168
0.87348	0.17661	0.83905	1.573	0.18214	1.2233	1.0239	0.83697
0.95759	1.5983	0.83498	1.4237	0.21497	0.92063	0.97071	1.0544
1.0346	-1.7279	1.1093	0.21331	0.44238	0.90948	0.89931	0.98881
0.92811	-1.879	1.2354	0.80678	1.3907	0.72512	0.66849	0.9219
0.95104	2.1105	0.88937	0.19956	1.9925	1.6667	1.1009	0.66055
0.95024	4.5479	0.76072	0.57734	1.7567	0.76471	0.87005	1.1378
0.94534	1.7318	0.47159	0.30348	1.6075	1.1897	1.0691	0.89862
0.91875	-3.1478	0.85396	1.4472	-1.3511	1.2672	1.2895	1.0175
0.95787	-9.4386	0.40842	0.92437	0.51099	1.2415	1.5075	1.2142
1.0948	-5.8832	0.62649	1.2132	-0.018312	0.70959	1.055	1.4868
0.92725	-1.458	0.96455	1.5662	0.15195	0.98069	1.0125	1.0324
0.94972	1.6931	0.90798	1.1211	-0.63106	0.98425	0.95057	0.96578
1.0254	10.959	0.99943	0.57818	-0.38325	1.088	1.0259	0.94295
0.96708	-4.3329	0.80265	0.27992	1.3525	0.94485	0.94182	0.99679
0.91357	0.38949	0.86106	0.072093	1.9424	0.68093	0.65851	0.96707
1.0131	3.4158	0.3768	2.3019	1.4661	1.8571	1.2054	0.64905
1.0675	-8.0997	1.123	1.4586	-2.0196	0.63692	0.82841	1.3007
0.84953	-9.0144	1.2823	1.2272	3.3684	1.1836	0.98741	0.83426
0.97418	-8.2457	1.0333	0.34467	-2.1043	0.82449	0.83601	1.014
0.96447	-1.5613	1.0564	1.1018	0.39149	1.1683	0.98385	0.84211
1.0104	-6.46	1.1912	1.5581	2.1155	1.0085	1.0101	1.0016
0.90619	-2.6916	1.0517	1.8485	0.70297	1.2353	1.2237	0.99063
1.0412	4.411	0.68575	0.33249	-1.7292	1.1156	1.2646	1.1335
0.97861	0.79884	1.0247	0.39611	-0.48995	0.76524	1.0035	1.3113
0.98142	-12.62	0.74116	1.4619	1.5236	0.88048	0.87742	0.99653
0.95001	0.59047	0.49622	1.2701	1.8198	1.4796	1.2475	0.84311
1.0447	-8.2991	0.97315	1.558	1.1181	0.81346	0.98473	1.2106
0.96851	-3.1325	1.2447	1.1228	0.012101	0.94361	0.92279	0.97794
1.0591	-2.5402	0.82534	0.32109	0.52228	0.58964	0.56759	0.96261
0.97164	-1.5047	1.1595	-0.08392	1.7203	1.5338	0.89946	0.58643
1.0281	-1.2603	1.2884	0.79468	-1.5652	1.0088	0.95417	0.94583
0.95166	-4.1412	0.91799	0.92226	0.76832	0.96943	0.93919	0.9688
1.0234	2.1022	0.7303	0.69288	1.4738	0.91441	0.86706	0.94821
1.0491	-10.346	0.60646	-0.29636	-0.066466	1.2611	1.1365	0.90122
0.96697	-5.2522	0.92843	1.1687	0.6118	1	1.1429	1.1429
0.94002	-1.6529	1.0666	1.0833	0.17484	0.63281	0.76101	1.2026
1.0613	-6.6447	0.89894	0.87484	-0.16035	1.5062	1.085	0.7204
1.0381	-6.879	1.1123	1.1037	-1.5982	0.93852	1.0172	1.0838
0.9628	-10.993	0.92273	1.4719	2.1332	1	1.0172	1.0172
0.9293	1.8169	1.0128	0.7241	0.5014	0.66812	0.7067	1.0577
0.90315	-2.4917	1.4429	-0.81103	3.646	0.7451	0.55508	0.74498
0.95649	-5.4856	0.60864	1.1249	1.436	0.77215	0.94391	1.2224
0.88175	-1.7907	0.88574	2.5622	2.5678	1.6557	1.4326	0.86525
1.0912	-2.8513	0.75485	1.5013	-1.247	0.55116	0.82724	1.5009
1.0206	-14.929	1.3014	-0.072004	-0.52348	1.515	1.2349	0.81513
0.85415	0.66003	0.80204	2.213	-0.4291	0.96047	1.176	1.2244
0.96329	7.7735	0.89891	0.54932	-0.81704	0.6214	0.73168	1.1775
1.0954	-13.367	1.2229	0.58081	1.2819	1.4901	1.0216	0.68558
0.95725	-0.10531	0.87165	1.2641	0.9232	1.2933	1.2819	0.99119
0.83734	2.388	1.2062	1.3965	-0.44205	0.80412	1.0027	1.2469
0.96223	4.8296	1.0586	0.64338	1.0185	0.96581	1.0101	1.0458
0.97108	4.8156	0.66628	1.4721	1.3413	0.97345	0.95496	0.98101
0.91975	-0.043874	1.0822	0.69076	0.42327	1.4227	1.3158	0.92486
0.93693	1.3215	0.83525	0.59813	-0.58562	1.0319	1.3031	1.2627
1.0522	-4.6857	0.92354	1.2039	1.6719	0.80495	0.99426	1.2352
0.93732	-5.1945	1.1116	0.85718	1.9952	0.92308	0.91125	0.98719
0.97242	1.1122	0.49893	1.2216	0.8569	0.64167	0.62538	0.97462
1.0743	-11.387	1.404	0.13932	1.8127	1.1883	0.7629	0.642
0.94088	-2.7877	1.1774	1.0149	0.76902	1.1967	0.91632	0.76569
0.88972	2.862	1.213	1.2844	1.8334	1.516	1.3123	0.86561
1.0126	1.312	1.3167	0.84009	-1.0652	0.90964	1.2002	1.3194
1.0194	-5.2091	0.78305	1.1658	0.37001	0.51656	0.67606	1.3088
0.89213	-5.6157	1.8646	1.0324	0.25273	1.0321	0.73726	0.71437
1.0211	-11.391	1.3939	-0.020094	0.33884	1.4845	1.0951	0.73769
1.1235	-2.3622	0.82673	1.3335	0.44274	1.4603	1.4384	0.98506
0.92732	-2.4759	1.0837	0.3357	-0.20623	0.44413	0.6482	1.4595
0.97732	-7.4203	1.642	-0.078933	1.2682	1.3871	0.901	0.64955
0.92714	-3.1725	0.83883	1.1644	-0.12177	1.4837	1.346	0.90717
1.0518	0.48439	1.1524	0.99497	-0.21097	0.64263	0.91162	1.4186
0.91845	-9.4385	1.2262	1.3411	2.1973	1.1951	1.0381	0.86864
0.88099	0.80318	0.73286	0.11865	0.39698	0.94286	0.94382	1.001
1.042	-5.4255	0.47501	1.9342	0.84922	1.0693	1.0051	0.93998
1.0178	-9.7192	0.30605	0.30897	-0.51517	0.97166	1.0339	1.0641
0.87546	6.2781	1.4711	1.9067	1.8668	1.1042	1.0778	0.97611
0.98753	-4.13	0.57719	1.1079	1.3401	0.88302	0.9426	1.0675
1.0844	-2.05	0.40627	0.34403	2.2827	1.1966	1.1505	0.96148
0.85972	1.6602	0.92405	1.4837	2.0207	0.8	0.9115	1.1394
0.87036	7.2965	1.037	1.2185	1.1758	1.1071	1.0076	0.91011
1.0135	2.3608	1.2749	1.2705	0.22937	0.77823	0.79959	1.0274
0.84158	-0.82217	1.0361	1.4242	1.167	1.2332	0.99063	0.80333
0.90583	-10.323	1.3368	1.3895	-0.66706	0.90756	0.91043	1.0032
0.84876	-3.9296	0.77633	1.2049	0.76004	0.86111	0.81803	0.94997
0.92942	5.5908	0.97023	1.4205	0.23984	0.83333	0.71264	0.85517
1.032	-4.2859	1.4757	0.71872	0.97908	1.8129	1.2912	0.71223
0.87396	2.6562	0.61258	1.6779	-0.59054	0.88612	1.128	1.2729
0.95616	5.503	0.59507	1.2617	0.90094	1.004	1.1312	1.1267
1.0572	-10.926	0.4413	1.3882	1.1955	0.96	1.0579	1.1019
0.87635	-0.25548	0.30769	0.58427	-0.66077	1.2417	1.2715	1.024
0.94021	-4.452	0.23332	0.92013	-0.85205	0.7953	1	1.2574
1.0482	-1.489	0.98219	0.83165	-1.418	1.2194	1.1566	0.94847
0.90618	-7.9625	1.5214	1.4293	0.3159	0.93426	1.0218	1.0937
0.94142	-2.4027	0.95008	1.6209	1.2616	0.84074	0.88155	1.0485
1.0249	4.6432	0.98843	0.65475	1.1074	1.022	0.90847	0.88889
1.012	2.9214	0.60381	0.15556	1.52	0.61638	0.59091	0.95868
0.92865	-14.924	1.2901	0.34661	1.3926	1.8392	1.074	0.58397
0.89879	5.5762	0.86919	0.74119	0.56366	0.77186	0.87124	1.1288
0.99713	-11.242	1.2278	0.39231	1.4287	1.1921	1.0358	0.86891
0.92214	0.85302	1.0252	0.91291	-0.41423	1.1694	1.2152	1.0392
0.84921	0.61664	0.76706	1.3489	-0.18862	1.4664	1.6534	1.1275
1.0583	-5.9111	1.1877	1.0324	-0.58942	0.74699	1.186	1.5878
0.93547	-4.7386	0.61069	1.5212	1.2223	0.73548	0.87398	1.1883
0.85549	-2.6002	0.44013	0.51606	1.474	0.75	0.64681	0.86241
0.99759	-1.1923	0.72007	1.7664	0.59947	1.1637	0.77621	0.66699
0.85562	1.6434	1.0542	0.68174	3.1515	1.1709	0.89572	0.76502
0.89061	-1.8158	0.82883	0.59759	1.0635	1.3562	1.1731	0.86497
1.0173	-2.9814	0.53483	0.86213	1.163	0.58861	0.72303	1.2284
1.05	2.9994	0.28637	1.7052	-0.088915	1.5323	1.1826	0.77178
0.93098	-12.476	1.091	0.81884	-0.84324	0.86316	1.0558	1.2232
0.91732	-1.9293	0.93523	0.93947	0.28259	1.252	1.2675	1.0123
1.0182	2.528	1.1022	1.2805	1.0299	0.48377	0.62019	1.282
0.97236	-3.4028	1.385	-0.042107	1.1163	1.8322	1.0942	0.59719
0.90738	-6.1635	1.0607	1.0437	0.30434	0.90476	0.98308	1.0866
1.0045	2.2738	0.52666	0.86615	-0.74878	0.59919	0.64278	1.0727
1.0829	-11.189	1.0769	0.98463	1.6259	1.3649	0.86975	0.63724
0.94836	-4.3598	1.3821	1.743	1.1739	0.76238	0.71338	0.93573
0.94254	-5.5554	1.4647	1.2049	0.9318	1.6039	1.1435	0.71296
0.9094	-5.4851	0.76721	1.3114	-0.98121	1.2105	1.3915	1.1495
1.003	-4.6917	1.1217	0.83642	-0.9179	1.1171	1.4034	1.2563
0.88694	-0.095672	0.77327	1.136	-0.038656	0.7006	1.0038	1.4327
0.94635	4.3513	1.0719	0.99781	1.2617	0.83333	0.86045	1.0325
0.93263	-0.81544	0.51982	0.91478	1.6189	1.7897	1.3863	0.77458
0.87946	-0.60521	1.2648	1.5813	0.23785	0.47278	0.66768	1.4122
0.90975	-0.10281	1.3637	0.074605	1.3873	0.86061	0.57812	0.67176
0.91559	-5.6781	1.0833	-0.31902	1.5708	1.7183	0.9949	0.579
1.0306	-7.3529	1.3035	1.51	-1.4069	0.98361	1.0089	1.0257
0.91192	-0.67454	1.192	1.5763	-0.69636	1.0417	1.0995	1.0555
0.99345	-3.0967	0.5225	0.65371	-0.10497	0.976	1.0672	1.0935
1.0902	-1.3725	1.1925	1.1084	0.23745	1.0861	1.1164	1.0279
0.8598	3.0525	1.2638	1.0322	1.4769	1.0642	1.2314	1.1572
0.94525	-4.4812	0.74498	1.0357	1.1814	1.0532	1.2098	1.1487
1.0739	-0.33395	0.70369	0.38633	-0.45124	0.9697	1.0919	1.1261
0.90741	-2.1089	0.90014	1.0317	-0.4259	1.1563	1.2115	1.0477
1.0313	-5.729	0.75087	1.377	1.2938	0.89189	1.0532	1.1809
1.0391	-6.6931	1.121	0.98358	-0.22718	0.75758	0.80681	1.065
0.83392	-2.5073	1.1602	0.90963	1.1282	1.3422	1.0555	0.78637
1.0235	0.91149	0.74022	1.3116	-0.62698	0.6755	0.7325	1.0844
0.94701	1.0816	0.73844	0.47752	1.2689	1.1176	0.83901	0.75069
0.88066	-1.7677	1.1861	0.21574	1.3485	0.96491	0.83929	0.86981
0.87922	6.3473	1.4655	0.90717	1.6817	1.1955	1.0154	0.84942
1.0801	-4.0906	0.53872	0.61285	0.73259	0.65779	0.72385	1.1004
0.91903	7.2566	1.1927	0.88124	0.35115	1.3295	0.99729	0.75014
0.95658	-6.6149	0.96166	1.2581	0.52295	1.0565	1.0435	0.98765
0.954	-2.4944	0.735	1.0096	0.56826	1.0206	1.0967	1.0746
1.104	-3.5596	0.33879	1.3383	0.17376	0.59274	0.67123	1.1324
0.89066	-8.8908	1.7632	0.63243	1.0136	0.93197	0.65984	0.70801
1.0275	-3.7011	1.2054	1.7012	1.7325	2.3504	1.4611	0.62167
0.88805	4.587	0.85607	1.9517	0.22702	0.68323	1.0233	1.4977
1.0471	0.93823	0.5493	0.84336	0.73384	1.05	1.0394	0.98988
0.89347	-0.63266	0.68016	1.2595	0.894	0.61905	0.67652	1.0928
0.92065	1.7489	1.3886	0.2356	1.3045	2.2238	1.4405	0.64779
1.0677	-5.5661	1.0498	1.6692	1.5726	1.2516	1.6618	1.3278
0.92222	-5.6858	1.3236	0.77744	0.093696	0.79648	1.2157	1.5264
0.88651	-6.3371	0.82345	1.5182	-0.31378	0.85489	0.97658	1.1423
1.0749	-8.63	1.0549	0.46668	0.39833	1.0369	1.0317	0.99495
0.82232	6.0724	0.49814	0.56195	1.347	0.73665	0.76454	1.0379
0.82597	-0.12074	0.74895	0.16126	2.0375	0.89855	0.70156	0.78076
0.89535	-5.4247	0.4445	0.63814	1.2164	0.94624	0.65367	0.69081
0.99254	2.6848	0.73253	1.3476	0.61738	1.2273	0.84211	0.68616
0.90019	-2.9701	1.1802	0.62659	0.080811	0.98148	0.9089	0.92605
0.79782	-0.725	0.79459	1.2669	1.8494	1.2358	1.1574	0.9365
0.8979	1.3325	0.80999	0.87172	0.63085	1.1145	1.2751	1.1441
0.94587	-1.7764	0.66083	2.1504	0.51456	0.85616	1.1105	1.2971
0.79693	9.9454	0.77277	0.84918	0.042907	1.128	1.2026	1.0661
0.8981	-0.92731	0.63725	0.7865	0.33265	0.7695	0.91033	1.183
0.94291	4.5804	0.39405	0.63793	2.2547	1.1429	1.0025	0.87721
0.91966	-2.9142	0.92018	1.0579	0.51605	0.81855	0.82604	1.0092
0.79966	1.3637	1.258	0.7893	1.3487	1.2069	0.98049	0.81241
0.95848	-0.27459	0.71249	0.84575	0.21017	0.89388	0.89571	1.002
0.94215	-1.177	0.80169	0.73979	0.58852	1.1416	1.0449	0.91536
0.96769	-15.623	0.52099	1.3996	0.67801	1.008	1.0522	1.0438
0.9367	-6.5042	0.7839	0.8633	-0.076797	0.87302	0.9493	1.0874
1.0081	-8.2007	0.52548	0.94066	0.70476	1.0818	1.0155	0.93867
1.0032	2.7622	0.86498	0.64363	0.22675	0.76891	0.80884	1.0519
0.78326	-1.4649	1.2033	1.8794	1.822	0.79235	0.6621	0.83562
0.86732	4.8479	1.2942	0.047894	-0.22557	2.6	1.6008	0.61571
1.0289	-0.31675	0.66273	1.7842	0.084624	0.66578	1.048	1.5741
0.8832	-2.3915	0.70622	1.9225	-0.13764	1.2271	1.2482	1.0172
0.84628	-7.915	0.9459	0.80538	-0.35592	0.93831	1.1497	1.2253
