1.0603	1.0363	1.041	1.007	-1.3681	1.0127	1.0567	1.0435
1.1777	0.98706	1.0124	1.0334	-4.1496	0.95417	1.0088	1.0573
0.91056	0.89489	0.98265	0.99727	-1.2802	1	1.0066	1.0066
0.77213	1.0728	0.89011	0.99616	2.8155	1.0044	1.0066	1.0022
1.0304	0.96976	0.97824	1.1027	1.1623	0.97826	0.98039	1.0022
0.63755	0.97177	0.96239	0.9776	0.84577	1.0178	0.99295	0.97561
0.85423	0.89404	0.94944	1.1202	2.5591	0.9869	0.97995	0.99295
1.2741	0.94111	1.0214	1.1105	2.4665	0.95575	0.94737	0.99123
0.85728	0.96189	1.0636	1.0328	1.8128	1.0741	1.022	0.95154
1.1299	1.0483	1.0396	1.1292	-2.3681	1.0172	1.0357	1.0181
1.1652	0.88814	0.90853	1.1862	-2.0022	1.0127	1.0431	1.03
0.68258	0.9902	1.0898	0.83966	-1.5369	1.0084	1.0456	1.0369
1.5872	0.87399	1.0269	1.1275	-2.1088	0.98755	1.0253	1.0382
0.551	0.99476	1.0272	0.97252	2.1737	0.97899	1.0016	1.0231
0.97775	0.92848	0.98747	1.0934	3.7429	0.95279	0.95638	1.0038
0.74595	0.83543	0.89128	1.0998	2.8041	1.018	0.9684	0.95126
0.98715	0.82921	0.98623	1.1622	6.7508	0.9646	0.94118	0.97572
0.84239	0.93481	1.1217	1.0236	2.6636	1.055	0.99621	0.94423
0.67549	1.0076	1.0751	0.84961	-1.3119	1.0652	1.0577	0.99298
1.4052	0.94112	1.0215	1.0565	0.0044596	0.99592	1.0517	1.056
1.1113	1.0504	1.1124	0.87252	-2.6085	0.9877	1.0371	1.05
1.3566	1.0349	0.93511	1.2561	-0.067567	0.9751	1.0102	1.036
1.2863	0.99861	0.94083	1.2001	3.6925	0.97872	0.98448	1.0059
0.87479	0.96084	0.93703	1.0469	2.1899	1.0087	0.98987	0.98133
1.2812	0.88293	0.99501	1.165	-0.36358	1.0216	1.0011	0.97994
0.65959	0.95964	1.101	0.84685	0.87354	0.93671	0.94168	1.0053
0.60379	0.7068	0.81719	1.1447	7.3535	1.0405	0.98718	0.94872
1.0373	0.95232	0.97492	1.071	-1.0289	1.013	1.0054	0.99248
1.0192	1.067	1.1018	0.92716	-3.9573	1.0256	1.0317	1.0059
1.1471	0.92945	1.0238	1.0674	-1.097	0.98333	1.014	1.0311
1.548	0.94081	0.98599	1.0999	-0.5196	0.9661	0.98065	1.0151
0.76996	0.97431	1.0225	1.0214	0.4057	1.0351	1.0129	0.97854
0.67479	1.0398	0.99271	0.92352	2.3265	1.0127	1.0247	1.0118
1.4056	0.92699	0.98438	1.0727	1.1536	0.97071	0.98934	1.0192
0.97368	0.97494	1.0469	1.111	3.5741	1.0172	1.0037	0.98671
0.63915	1.0452	0.93878	0.91655	12.605	0.95763	0.9653	1.008
0.58136	0.95401	0.97575	0.95213	1.9429	1.0796	1.04	0.96324
1.1002	0.97352	1.0739	0.93921	-3.0109	1.0492	1.0796	1.029
1.8185	1.081	1.0321	1.0595	-5.5141	0.98828	1.0531	1.0656
0.73872	0.97763	0.97676	0.94902	-1.9716	0.95652	1.0041	1.0498
0.85001	0.89945	0.94125	1.0698	3.6038	0.97107	0.97713	1.0062
1.0944	0.89866	1.0069	1.0856	-1.1886	1.0085	0.98289	0.9746
0.77543	0.87516	0.97766	1.0588	1.769	0.99578	0.97875	0.98289
1.0294	0.8737	0.98983	1.065	7.6072	0.95763	0.93727	0.97875
1.3715	0.94453	1.083	1.0829	7.0222	1.0133	0.95716	0.94462
0.80586	1.0472	1.0894	0.8627	-2.718	1.0873	1.0446	0.96067
0.65362	1.0323	0.99254	0.697	-1.186	0.96386	1.0137	1.0517
0.75017	0.9628	0.9813	0.88871	-3.6652	1.0042	1.0185	1.0143
1.0417	0.91062	0.96447	0.91266	-1.3836	0.96266	0.98201	1.0201
0.90781	0.90603	1.015	0.98106	1.5823	1.0043	0.98834	0.98409
0.96377	1.0077	1.1018	0.88163	0.43388	1.0043	0.99363	0.98938
0.65098	0.94259	0.98026	0.98874	0.9566	0.96581	0.95966	0.99363
0.69927	0.87954	0.9922	1.0534	4.0797	1	0.96119	0.96119
0.85972	0.86974	0.92831	1.0838	9.5415	0.92478	0.9082	0.98207
1.1691	0.8087	0.87625	1.1097	2.9639	1.0909	0.99727	0.91416
1.0268	0.94758	0.95484	1.0619	-2.2376	1.057	1.0541	0.99727
1.287	0.95273	0.98167	0.99678	1.7874	0.9751	1.0262	1.0524
1.6491	0.97881	1.0313	1.0117	-0.84576	0.97447	1.0022	1.0284
1.0831	1.0293	0.95789	1.1599	3.0488	1.0393	1.0393	1
1.2904	1.0075	1.0245	1.0383	-0.73784	0.95378	0.99073	1.0387
1.4511	0.88507	1.0135	1.2063	2.7923	1	0.99019	0.99019
1.098	0.93751	1.0132	1.0629	6.7173	0.96035	0.94628	0.98535
0.94499	0.9381	0.9021	1.107	3.6796	1.0092	0.95913	0.95041
0.34695	0.86243	0.85409	1.0504	3.3817	1.0636	1.0241	0.9628
1.728	0.95968	1.0025	1.0412	-4.4926	1.0085	1.0323	1.0235
0.98012	0.97127	1.0473	1.0103	-1.5138	1.0042	1.0321	1.0278
1.3896	0.92867	0.99734	1.0487	-2.3502	0.97046	1.006	1.0366
1.214	0.92227	0.96406	1.1338	-2.9696	0.9913	0.99672	1.0055
0.87302	0.95922	0.94333	1.0077	4.1465	0.99561	0.99235	0.99672
1.3044	0.98151	0.95857	1.1114	3.6956	0.96476	0.95685	0.99181
1.3168	0.8832	0.86381	1.2927	1.6524	1.0365	0.98803	0.95321
0.96843	0.95487	1.0042	1.092	4.5965	0.99119	0.98414	0.99289
1.0742	0.87383	0.92723	1.0525	3.8871	0.77778	0.79186	1.0181
1.2571	1.0448	1.0167	1.0439	-3.8686	0.92188	1.053	1.1422
0.65987	1.0281	0.95852	0.89682	-0.49092	0.98729	1.0367	1.0501
1.1201	0.98574	1.0131	0.96415	-2.3937	1.0043	1.0371	1.0327
0.91553	0.91416	0.94204	1.0062	-2.3083	0.97009	1.0017	1.0325
0.85388	0.91946	1.049	0.95518	2.7905	0.98678	0.99006	1.0033
1.3423	0.94388	1.0311	1.1009	1.2889	0.99107	0.98284	0.9917
0.81998	0.95908	0.95488	1.0682	5.7985	0.97297	0.93506	0.96104
0.58777	1.0187	1.0053	0.91695	6.1162	0.99537	0.95185	0.95628
0.5236	0.91985	0.77557	0.98197	8.2238	1.0279	0.98661	0.95982
0.57779	0.92963	0.95198	0.9668	1.8557	1.0588	1.0441	0.98606
1.333	0.91816	1.044	1.0003	-4.8304	1.047	1.0865	1.0377
0.87306	0.9464	1.065	0.84168	-3.5612	1.0082	1.0833	1.0746
0.81205	0.91401	1.0125	0.95433	-0.39372	0.93117	1.0055	1.0798
0.64989	0.89785	0.9471	0.93252	-1.3271	0.99565	0.99728	1.0016
0.66083	0.89341	0.97305	0.91753	4.4601	0.96507	0.95983	0.99457
1.0689	0.80765	0.9194	1.1079	1.1823	1.0226	0.97572	0.95413
1.1692	0.87221	0.9333	1.0169	0.54402	1	0.97309	0.97309
1.5478	0.96402	0.96352	1.1503	4.2214	0.93363	0.91989	0.98529
1.3498	0.85656	0.88351	1.1755	-0.65088	1.0853	1.0071	0.92798
1.1531	0.88599	0.94809	1.0593	1.745	0.99563	1.0133	1.0178
1.2374	0.88707	0.87022	0.93927	-2.3268	0.92105	0.94382	1.0247
1.3304	0.87595	0.90578	1.1951	-1.6099	1.1857	1.1067	0.93333
1.1135	1.0287	0.98489	1.0659	2.9117	0.8996	0.9939	1.1048
0.79227	0.93916	0.89184	0.92494	-1.5514	1.0268	1.0183	0.9917
0.79439	0.8521	0.87303	1.1039	1.3179	0.97826	0.99668	1.0188
1.1529	0.83433	0.907	1.1186	1.9731	0.96444	0.95806	0.99338
1.1525	0.88967	0.9532	1.1664	2.2795	0.83871	0.82493	0.98357
0.6717	0.94812	0.92117	0.94122	-2.0287	0.95851	1.0272	1.0717
1.4736	0.82183	0.91469	1.0586	-2.6986	1.039	1.0726	1.0324
1.329	0.96648	1.0625	0.91139	-5.6808	0.98333	1.0477	1.0655
1.1296	0.9679	0.92409	0.979	-0.73007	0.96186	1.0094	1.0495
1.2979	0.86898	0.83666	1.123	2.4034	0.97357	0.98496	1.0117
0.8036	0.9209	0.82552	1.0457	-0.18597	1.0181	0.99834	0.98059
0.73332	0.92494	0.96651	1.015	3.4009	0.98667	0.96365	0.97667
1.1925	0.86209	0.92809	1.1873	1.3493	0.96847	0.94662	0.97744
1.0649	0.85859	0.89435	1.1719	6.0487	0.96744	0.92754	0.95875
1.2986	0.84753	0.90614	1.1715	3.1942	1.0769	1.0079	0.93588
0.96674	1.0878	1.0182	0.90514	-3.1917	1.0402	1.0501	1.0096
1.2997	0.98616	0.88586	1.0901	-0.79495	1	1.0466	1.0466
1.2643	0.90669	0.9129	1.1165	-0.80811	0.97425	1.0162	1.0431
1.1159	0.88704	0.94812	1.0597	0.13204	0.98238	0.99944	1.0174
1.4097	0.80794	0.94154	1.111	-3.5186	1.0314	1.0262	0.99498
1.1965	0.87462	0.99876	1.026	-1.2047	0.98261	1.0022	1.02
0.9497	0.94329	0.94384	1.0669	4.223	0.96018	0.95753	0.99724
1.0832	0.92451	0.9908	1.0541	2.3847	0.96774	0.93385	0.96498
0.48627	0.83623	0.84915	0.90762	12.017	1.0238	0.96575	0.94329
1.0009	0.91046	0.97427	1.1045	3.0578	1.0419	1.0113	0.97065
0.98967	0.91912	0.97752	0.99741	-1.5099	1.0446	1.0523	1.0073
0.62899	0.94327	0.90763	0.97033	-0.059488	1	1.0458	1.0458
0.91118	0.95675	1.0566	0.89489	-1.231	0.98718	1.0318	1.0452
1.313	0.87288	0.96574	1.1414	0.20394	1.0043	1.0328	1.0284
1.1256	0.85591	0.80594	1.155	3.1748	0.98707	1.0127	1.026
0.71169	0.98968	0.95068	0.94691	4.8069	0.99563	0.99836	1.0027
0.95028	0.81121	0.86336	1.1224	4.6096	0.97807	0.97221	0.99401
0.95982	0.84782	0.95545	1.0662	3.9243	1	0.97274	0.97274
1.1915	0.89904	0.86655	1.1466	1.055	1.0897	1.0548	0.96799
0.765	0.97261	1.0093	0.87297	-1.1874	1.0041	1.0534	1.0491
1.4569	0.83866	0.90189	1.0805	-3.8145	0.9959	1.0424	1.0466
1.5053	0.83259	0.92656	1.1129	2.7614	0.99177	1.0288	1.0374
1.1159	0.91963	0.95008	0.97907	1.079	0.96266	0.98881	1.0272
1.2583	0.86227	0.86425	1.0742	-0.88612	1.0043	0.99044	0.98618
0.49889	0.89509	0.90101	0.89861	5.2686	0.97425	0.96288	0.98834
0.98944	0.88543	0.92674	0.97598	2.3632	0.88106	0.85883	0.97477
0.91094	0.86306	0.81541	1.0993	2.6142	1.25	1.0695	0.85561
0.69572	0.81758	0.80763	1.0288	10.819	0.876	0.94959	1.084
0.83059	0.84862	0.9438	1.0239	0.56416	1.0548	1.0082	0.95581
1.5183	0.82446	0.88796	1.0755	0.08422	1.0216	1.0328	1.0109
0.96039	0.95284	0.95866	0.93933	-2.772	1.0212	1.0495	1.0278
0.87072	0.93303	0.89957	0.888	-3.1902	0.9751	1.0223	1.0484
0.78254	0.86607	0.85495	0.99619	3.8259	0.9617	0.98368	1.0229
0.81351	0.89058	0.98041	0.9171	-0.39554	0.99115	0.96241	0.971
0.89354	0.78188	0.86148	1.1311	7.6852	0.97768	0.95685	0.9787
0.94167	0.85628	0.88304	1.0904	1.5463	0.77169	0.75912	0.98372
1.1657	0.90799	0.87887	1.1189	2.5909	0.98734	1.0487	1.0622
1.0322	0.95419	0.87752	1.07	-1.9041	1.0085	1.0607	1.0517
0.89644	1.0183	0.95166	0.92932	-2.3581	1.0127	1.0717	1.0583
0.87568	0.98575	0.98512	0.94524	-0.76391	0.94142	1.0095	1.0723
0.92433	0.95794	0.98798	0.99428	1.8201	1.0267	1.0324	1.0056
1.2789	0.84687	0.94648	1.1112	3.9275	0.96104	0.99052	1.0307
1.168	0.86533	0.87919	1.1484	4.461	1	0.96208	0.96208
1.3596	0.97198	0.98674	1.1866	2.1047	1.0225	0.98911	0.96732
0.63694	0.96787	0.89129	0.93932	2.0683	0.96035	0.95824	0.9978
0.86159	0.83673	0.8083	1.0682	12.602	0.98165	0.95217	0.96997
0.928	0.81559	0.90302	1.0593	5.1086	1.0374	0.99719	0.96126
1.0797	0.86555	0.88631	1.0631	-0.12613	1.045	1.038	0.99329
1.2469	0.88887	0.98467	1.2005	-2.1452	1.0129	1.0491	1.0357
0.69191	0.93643	0.90834	0.93903	-0.42423	0.94468	0.99107	1.0491
0.82349	0.85651	0.89738	1.0526	4.2271	1.0135	1.0028	0.98942
1.0398	0.81201	0.79536	0.95942	-0.12239	1.0133	1.0156	1.0022
1.0905	0.86048	0.95254	1.0252	1.1455	0.96053	0.97496	1.015
1.3129	0.85044	0.94507	0.99556	6.4945	1	0.97225	0.97225
0.81713	0.89021	0.9116	1.0199	5.0149	0.94521	0.92669	0.98041
0.87053	0.89004	0.861	1.1704	5.6183	1.0773	1.0034	0.93138
1.0198	1.0237	1.1119	0.9944	-2.8602	1.0538	1.0574	1.0034
1.0377	1.0729	1.0598	0.97361	-4.1179	1	1.0497	1.0497
1.3292	0.90913	0.90754	1.1507	-1.0517	0.99149	1.0361	1.045
1.4214	0.91421	0.97077	1.0611	-0.19759	0.95708	0.99443	1.039
1.0341	0.90731	0.9174	1.2688	3.1304	1.0045	0.99611	0.99166
1.0162	0.94345	0.97183	1.0772	5.6376	0.97768	0.97387	0.99611
1.0454	0.99043	0.93878	1.1758	3.3777	0.79909	0.7923	0.99151
1.2558	0.96454	1.0572	1.157	1.3728	0.86047	0.99273	1.1537
1.0359	0.94534	1.0166	1.0151	-0.31384	1.0811	1.0702	0.98997
1.403	0.98056	0.97712	1.2131	-0.97345	1.0167	1.0814	1.0637
1.177	0.98481	0.93554	1.1214	-3.2622	0.93033	1.0039	1.079
1.0233	0.85449	0.9643	1.1621	0.18843	1.0837	1.0748	0.99181
0.34831	0.86446	0.94096	0.89042	1.184	0.95122	1.0141	1.0661
0.8546	0.86705	1.0182	0.96286	-0.016902	1.0043	0.98636	0.98216
1.1008	0.89835	0.96199	1.1035	2.303	0.95319	0.95726	1.0043
1.2029	0.89455	0.92716	1.1704	0.70344	0.99107	0.94872	0.95726
0.94763	0.90317	0.99628	1.1252	8.9422	0.95045	0.9159	0.96365
0.97073	0.87536	0.91406	1.1118	5.3929	1.0616	0.983	0.92595
1.1415	0.99947	0.94406	1.0523	-1.4858	1.0223	1.0038	0.98192
1.1023	0.88893	0.93369	1.1033	-1.5042	1.0262	1.0364	1.0099
0.71258	0.98373	1.0403	0.84581	-1.97	0.99574	1.032	1.0364
0.88742	1.0228	1.1256	0.84584	-2.6675	0.97863	1.0133	1.0354
0.97744	0.83027	0.93338	1.1623	2.6525	0.96943	0.98339	1.0144
1.1109	0.85349	0.95631	1.1869	1.7385	0.99099	0.97561	0.98448
1.1293	0.88191	1.0029	1.1653	4.7783	1	0.97077	0.97077
0.79242	0.9715	0.90276	1.0757	3.991	1.0136	0.98455	0.9713
1.0697	0.96522	1.0289	1.1378	6.5239	0.98206	0.97225	0.99001
0.80453	0.92206	0.99478	0.99886	-0.82398	1.0457	1.02	0.9755
1.4578	0.98821	1.0741	1.1893	-2.1854	1.048	1.0655	1.0166
1.0764	1.0496	0.95	1.0941	1.5207	0.95833	1.0205	1.0649
1.0775	0.96812	0.95301	1.1126	-1.3685	1	1.016	1.016
0.74535	0.91788	0.90643	1.0524	4.3657	0.99565	1.0066	1.011
1.2976	0.87512	0.9645	1.1028	1.4174	0.99563	0.99781	1.0022
1.3748	0.90119	0.99005	1.1458	0.41003	1	0.99509	0.99509
