0.91546	0.9817	-2.6321	0.27136	1.0183	0.90775	0.9327	1.0275
1.0362	1.0031	1.2214	0.97592	0.52517	1.1667	1.0815	0.92699
1.0792	1.061	8.1148	1.197	0.11483	0.76307	0.86561	1.1344
0.87923	0.96544	-1.6163	0.15221	0.59223	1.0365	0.8902	0.85882
1.1019	0.95132	-1.6093	-1.1232	1.7598	1.793	1.5109	0.84269
1.1616	0.99998	-0.34841	2.814	0.84179	1.0172	1.407	1.3832
0.81593	0.99431	1.463	1.4517	2.3029	0.72947	1.0181	1.3957
1.0555	1.0043	0.72118	1.5127	1.5246	1.0695	1.0656	0.99629
1.0131	0.99239	2.2135	0.72352	1.4673	0.93498	0.9738	1.0415
0.94196	1.0465	2.4721	2.0248	-0.14689	1.2119	1.1438	0.94375
1.0889	0.99304	1.1543	2.0313	0.47605	0.75683	0.84645	1.1184
0.90993	1.054	5.6222	1.9495	0.99168	0.76173	0.64873	0.85165
0.92401	1.0021	2.9877	0.19811	-0.13199	1.4028	0.95062	0.67764
0.99317	1.0129	1.4451	0.95065	1.0104	1.125	1.1054	0.98257
0.69137	1.0327	4.1895	0.29757	1.0912	1.2943	1.358	1.0492
0.76801	0.9924	2.2708	1.3867	0.4233	0.62181	0.86312	1.3881
1.0705	0.95795	-1.4159	-0.21962	-0.64278	1.541	1.2732	0.8262
1.3208	0.96562	-2.181	2.8465	1.6391	1	1.2506	1.2506
0.75716	1.0319	5.9485	1.2798	1.9591	0.56901	0.72308	1.2708
0.99425	0.97916	1.8225	0.31511	1.6367	1.2	0.84463	0.70386
1.2193	0.95492	-1.6193	2.1124	2.4923	0.92199	0.78937	0.85617
1.0254	0.96289	0.15219	0.63958	-0.066205	0.94615	0.77237	0.81633
1.0151	0.93669	-2.2219	0.069679	1.1267	1.248	1.0132	0.81188
0.83477	1.001	3.2845	-0.48206	2.4765	1.1042	1.087	0.98437
1.201	0.94033	-0.41818	0.49005	0.92319	1.0413	1.1598	1.1138
1.0961	0.97911	3.4334	1.6111	0.9368	0.84136	1.0246	1.2178
0.91428	0.98001	-2.7691	0.85771	1.6361	0.87542	0.88737	1.0137
0.66617	1.0019	3.1186	-0.21831	2.4123	0.88846	0.80593	0.90711
1.1074	0.92947	-5.6687	0.70365	1.6301	1.0996	0.8885	0.80805
0.89624	0.97123	2.9546	0.80067	1.0874	1.0472	0.92241	0.8808
1.1749	0.97211	-0.51029	1.0273	1.5555	0.99624	0.93598	0.93951
0.8208	1.0104	5.3137	0.80731	1.4187	1.2792	1.1974	0.93598
0.90962	0.99097	2.6985	1.9995	0.30744	0.59292	0.761	1.2835
1.1062	0.97285	-0.26724	-1.5494	0.38704	1.7811	1.3174	0.73965
1.0881	0.95531	-0.26996	1.9504	0.6775	0.85754	1.1058	1.2895
0.98652	0.93837	-2.9035	1.1752	0.70763	0.98697	1.0571	1.0711
0.65777	0.98672	1.2353	0.11122	1.1145	0.9604	0.99914	1.0403
1.0857	0.93884	-4.6837	2.4486	0.42304	0.88316	0.88583	1.003
0.91873	0.92954	-0.59613	1.5334	0.64825	0.99278	0.96959	0.97664
0.86064	0.99039	9.7047	-0.014674	0.65572	0.82182	0.78814	0.95902
1.0076	0.91914	3.3452	0.79018	1.3466	1.4159	1.1348	0.80142
1.0697	0.86875	-1.2744	0.67955	0.39654	0.84062	0.97024	1.1542
0.75251	0.91587	0.61563	1.6451	1.8201	1.2937	1.2302	0.95095
0.78757	0.9285	2.2018	2.4976	1.5726	0.76437	0.95085	1.244
0.84985	0.90726	0.82812	-0.2125	0.73288	0.93233	0.89009	0.95469
0.98778	0.86443	-3.6207	0.4922	0.023236	1.0847	0.96893	0.89329
0.93453	0.92772	4.654	-0.28121	1.6468	0.95167	0.93006	0.97729
0.67776	0.8969	0.73665	0.71938	0.80163	1.0703	0.97422	0.91022
0.69086	0.93784	3.7871	0.98976	1.519	1.1058	1.0855	0.98164
1.0242	0.82761	-2.3745	0.66569	1.2174	0.90429	0.97945	1.0831
0.98574	0.81786	2.7237	0.9674	1.0239	1.0255	1.0355	1.0097
0.9505	0.83918	-0.10245	2.1948	1.8617	0.86121	0.90172	1.047
0.90115	0.83212	0.19155	0.88533	1.0887	1.2314	1.0851	0.8812
0.85627	0.87845	2.797	-0.13113	1.4781	0.92953	1.005	1.0812
0.78439	0.84715	1.4947	0.87151	1.277	0.81227	0.82797	1.0193
0.84974	0.90058	-2.7247	0.35824	1.5002	1.6889	1.3333	0.78947
0.88564	0.89551	0.90744	1.7531	1.2975	0.75	1.008	1.3439
1.0377	0.90899	-2.0246	1.3397	-0.15495	1.2912	1.2496	0.96774
1.0111	0.92347	4.2923	0.96061	0.66867	0.55707	0.7193	1.2912
0.84719	0.92117	1.61	1.3342	0.34507	1.2244	0.87724	0.71647
0.7911	0.91803	4.7583	0.52415	1.7868	1.4821	1.2594	0.84977
0.80965	0.89012	1.4753	0.27305	0.31249	0.78495	0.98234	1.2515
0.82247	0.83664	0.45381	0.021168	0.96525	0.79795	0.78122	0.97904
0.94194	0.8338	0.3699	0.66589	0.94785	1.7983	1.3823	0.76866
0.95707	0.93651	2.4257	1.7946	0.46171	0.58234	0.81879	1.406
0.82031	0.90517	2.1755	0.09242	2.186	0.84836	0.74494	0.87809
1.0716	0.92172	-0.1807	0.26494	1.8877	1.2126	0.88497	0.72984
0.85047	0.92441	4.2709	0.24338	0.97291	0.99203	0.87869	0.88575
0.72149	0.93814	4.6234	0.44027	-0.46446	1.1807	1.0745	0.91
0.85172	0.96508	2.7822	0.24128	2.3186	0.71769	0.80076	1.1157
1.2612	0.87329	-2.8181	0.25076	1.1447	1.4171	1.1003	0.77645
1.0762	0.929	1.5637	1.1623	0.89542	0.9398	1.1041	1.1749
0.80551	0.95133	3.3616	0.4848	1.6414	0.87544	0.96565	1.103
0.95961	0.89257	-1.1795	1.8291	0.54152	1.4268	1.2869	0.90192
1.0172	0.96659	3.3173	2.9996	1.7472	0.58974	0.77456	1.3134
0.66417	0.92771	2.4655	0.64301	0.30441	0.85256	0.97929	1.1486
1.0952	0.91868	1.6273	1.7331	1.1879	1.1128	1.0487	0.94243
0.80331	0.98869	2.8562	0.22781	0.81609	0.68919	0.75451	1.0948
1.0259	0.9671	0.40318	-0.20146	0.17142	1.549	1.1501	0.74249
1.0376	0.9802	3.7793	1.2648	1.7132	0.85759	0.97526	1.1372
0.76101	0.94082	2.0843	1.5504	-0.05091	1.2472	1.2235	0.981
1.3086	0.91308	0.65897	1.287	1.7146	0.62722	0.76569	1.2208
0.93259	0.94141	0.5973	1.3904	1.4237	1.3774	1.0642	0.77267
0.80469	1.0227	3.6189	0.29446	0.56933	0.78425	0.84893	1.0825
1.048	0.96431	1.1623	-1.2719	0.74113	1.3188	1.1165	0.84658
1.2547	0.93642	-2.686	1.8777	0.96109	0.72848	0.80734	1.1083
1.1213	0.99602	3.2095	1.7261	2.5639	1.089	1.1548	1.0604
1.0499	0.94829	-0.6896	0.12737	1.5921	0.66981	0.82002	1.2243
0.89993	0.96325	1.8637	-0.39129	0.60396	1.1434	1.1317	0.98973
0.92874	0.97694	2.6117	1.4942	1.7913	0.88449	0.98304	1.1114
0.64909	0.95314	2.2282	-0.096016	0.6188	0.90299	0.91278	1.0108
0.9741	0.96302	0.70394	-0.19945	1.3829	1.0248	0.92322	0.90088
0.6408	1.0015	6.1803	-0.1489	1.5933	0.84677	0.81277	0.95985
0.81207	0.97176	7.7372	0.78393	1.0089	1.5429	1.2504	0.81042
1.0422	0.9019	-2.9519	1.9152	0.53229	0.91667	1.1015	1.2017
0.84486	0.92459	-1.5586	-0.1523	1.0181	0.98316	1.0696	1.0879
1.1604	0.9292	-0.24503	0.44431	1.9177	0.74658	0.83087	1.1129
0.99009	0.90878	-2.6626	-1.0508	1.5821	1.2339	1.0248	0.83048
0.80731	0.96246	6.2783	1.4954	1.4042	1.0074	1.0183	1.0108
1.0831	0.89684	5.6861	1.0374	1.6562	0.94096	0.95506	1.015
0.767	0.84639	0.45244	1.4533	1.4541	1.1961	1.0937	0.91439
0.98564	0.8915	3.3955	-0.56648	1.5622	1.141	1.2346	1.082
1.0723	0.8912	3.5386	1.3698	0.8607	1.0374	1.2454	1.2005
0.86059	0.97471	4.3385	2.1031	1.1422	0.69529	0.88147	1.2678
0.86753	0.9229	5.6713	1.4895	1.2782	0.86997	0.93862	1.0789
0.74841	0.89062	5.0149	1.7206	0.64423	0.96085	0.90226	0.93901
1.0874	0.87301	-3.8223	0.15632	1.5376	0.80612	0.80169	0.9945
0.98672	0.86508	-3.8006	-0.13671	1.9526	0.85654	0.73153	0.85405
1.1579	0.9418	4.6823	1.5843	1.261	0.65928	0.86271	1.3086
0.89071	0.93021	-1.509	0.28215	1.8702	0.81513	0.74687	0.91627
0.78165	0.92475	2.2963	0.11553	1.7474	1.3065	1.2814	0.98074
1.0224	0.89138	-3.1387	1.3598	1.0443	0.61584	0.82152	1.334
0.85971	0.91884	-3.7881	0.88639	2.5062	0.739	0.9172	1.2411
0.86193	0.98783	4.3503	0.662	0.52527	1.2024	1.1327	0.94206
0.95474	0.97807	3.4094	1.077	0.47805	1.0099	1.1087	1.0978
0.72689	0.93287	5.1246	1.2418	0.00485	0.75163	0.81996	1.0909
0.89422	0.87757	3.3371	-0.22375	0.77732	1.2696	1.0268	0.80879
0.84017	0.95549	3.9481	-0.86498	0.085588	0.76712	0.8304	1.0825
0.68611	0.97554	2.3451	-0.35356	2.085	1.2589	1.0117	0.80359
0.89761	0.96545	1.3752	0.41856	1.7681	0.9078	0.95478	1.0517
0.67519	0.96265	5.3312	-0.47925	-0.27778	1.1367	1.0659	0.93773
0.90691	1.0037	3.8077	0.83564	1.5439	0.99656	1.0686	1.0723
1.01	0.94035	0.4873	0.4313	0.27486	0.77241	0.85783	1.1106
0.80821	0.9579	3.2543	0.30928	1.8424	1.2143	1.0211	0.84092
1.2708	0.89143	-2.5353	2.2756	1.8012	1.1287	1.1445	1.014
0.89062	0.95029	0.88497	1.3054	0.57703	1.0195	1.1204	1.0989
0.72695	0.89298	-3.989	-0.62085	2.4041	1.1246	1.2217	1.0863
0.98236	0.90089	1.6409	1.5825	1.9927	0.70455	0.86374	1.2259
-0.41727	0.81685	43.772	1.5759	1.823	1.0363	0.90853	0.87671
0.82509	0.96834	0.63762	1.0766	1.2473	1.677	1.4343	0.85524
1.085	0.94572	-0.68389	1.4133	-0.043768	0.68445	0.95354	1.3931
0.97551	0.90074	-2.2308	0.97208	0.61961	0.76271	0.74135	0.97199
0.89187	0.93695	0.16378	1.1399	1.4707	1.9733	1.3848	0.70175
0.93344	0.95346	2.003	2.5795	0.65927	0.45495	0.65852	1.4474
0.75561	0.91022	-0.70759	0.37974	-0.54835	1.6139	1.0741	0.66557
0.82563	0.86506	5.7894	1.4405	0.64546	0.83436	0.88744	1.0636
0.90874	0.87486	3.7839	1.3264	0.84202	1.2169	1.0483	0.86144
1.1678	0.8835	-1.774	1.6774	1.9539	0.67976	0.77586	1.1414
0.68266	0.89136	-2.3411	0.70107	1.6357	1.2756	0.99308	0.77855
0.89197	0.89866	-0.9044	0.13238	0.94786	1.108	1.0578	0.95468
1.0797	0.86798	0.2685	2.4726	0.85565	1.0755	1.188	1.1046
0.9646	0.91249	-3.6046	0.76205	0.98595	0.76608	0.88701	1.1579
0.73431	0.91166	-0.65795	0.46352	0.68186	0.84351	0.78299	0.92826
0.52275	0.95698	11.248	0.24512	0.079527	1.0045	0.80435	0.80072
0.73886	0.88248	7.8069	0.17283	1.0732	1.0405	0.87666	0.8425
0.66737	0.83999	0.015698	0.93935	1.7534	1.355	1.1403	0.84153
1.004	0.82722	0.33354	1.8758	0.65731	1.0895	1.2124	1.1129
0.89878	0.88814	6.9098	0.56992	0.52531	0.96188	1.1611	1.2071
0.5846	0.91355	5.6624	0.5297	1.4921	0.99085	1.1592	1.1699
1.0032	0.83892	-1.347	1.7353	0.096014	0.67385	0.79636	1.1818
1.0079	0.84092	-0.46123	0.72559	1.3043	1.3836	1.0622	0.76775
1.0141	0.8012	0.046209	-0.6788	0.56977	0.89769	0.9331	1.0395
0.83354	0.80673	-1.0643	0.6459	1.0616	1.0184	0.93188	0.91505
0.47006	0.81528	4.1532	-0.14908	1.0106	0.98556	0.93413	0.94782
0.96108	0.74458	2.1705	0.2782	1.3606	1.1868	1.1168	0.94097
0.78227	0.79448	3.0071	0.31053	0.27245	0.7963	0.91693	1.1515
0.6352	0.79966	5.8992	-0.0021188	1.4848	0.83721	0.80672	0.96359
0.83997	0.78341	-1.6382	0.48335	1.0971	1.0509	0.84465	0.80372
0.80539	0.8367	5.1128	-0.67091	1.3965	1.4229	1.1908	0.83687
0.75515	0.85642	2.1572	0.90456	0.79633	1.1827	1.3404	1.1333
0.71893	0.86708	3.6954	1.2475	0.54508	0.59948	0.82079	1.3692
0.69823	0.88507	6.7087	0.22889	1.2518	1.5983	1.2594	0.78796
0.97861	0.84035	2.3744	1.5552	1.1218	0.69945	0.9074	1.2973
0.89615	0.78969	0.95683	1.2609	-0.27399	1.3281	1.1629	0.87559
0.83772	0.82758	2.2726	1.5643	1.8746	0.92353	1.0308	1.1161
0.89683	0.79992	-0.78015	0.20819	0.88737	0.89172	0.8996	1.0088
0.74359	0.86269	5.5559	1.4258	0.9324	1.0357	0.94424	0.91168
0.75203	0.83742	4.1753	-0.068441	0.853	1.2724	1.2079	0.94926
0.71763	0.89111	7.5305	0.75923	2.606	0.86721	1.0099	1.1645
0.7724	0.87592	3.1329	1.5029	0.13186	1.0219	1.0481	1.0256
0.83049	0.87057	1.1612	2.0325	1.9156	0.73394	0.77419	1.0548
0.69204	0.84706	2.6357	1.21	1.8422	1.0625	0.85177	0.80167
0.79851	0.84087	1.9218	0.50104	1.0233	0.8	0.71422	0.89278
0.83854	0.8292	-1.2204	-0.45049	0.31735	1.6176	1.1306	0.69893
0.68199	0.88974	3.1189	1.8305	0.79592	0.84242	0.95738	1.1365
0.85694	0.87565	4.1299	0.37188	0.075187	0.89568	0.90422	1.0095
0.90133	0.86286	0.61202	0.93607	-0.23563	1.0723	0.99349	0.92651
0.91714	0.89115	4.573	0.084432	1.0962	1.0974	1.1078	1.0095
0.81127	0.90142	5.8225	1.5256	0.33333	0.72014	0.80882	1.1231
0.65988	0.86786	2.316	0.84964	-0.56767	1.7488	1.3412	0.76692
0.86679	0.86034	0.61047	2.1067	0.82254	0.75881	0.98375	1.2964
0.74799	0.89214	2.5839	0.19434	1.4226	1.1393	1.1262	0.98853
1.0523	0.86642	-2.4957	0.93849	1.848	0.79624	0.90633	1.1383
1.1021	0.90474	-0.23921	1.8178	1.1261	0.97244	0.88214	0.90714
1.061	0.8861	1.7318	-0.0088879	0.8559	1.2146	1.0559	0.86934
0.97503	0.93403	2.394	1.421	1.0157	0.78667	0.85199	1.083
0.84151	0.91144	-0.47942	0.71412	0.99122	1.0339	0.86794	0.83948
1.0342	0.87818	-2.9146	0.63171	1.5621	0.88525	0.82443	0.9313
1.0152	0.91286	5.7239	0.26893	1.835	1.0706	1.1217	1.0477
0.94257	0.91777	1.9297	-0.44038	1.5476	1.0278	1.1298	1.0992
0.83462	0.94416	1.5709	0.39603	1.3289	1.2872	1.3668	1.0619
0.77309	0.9351	3.1562	2.3258	1.3899	0.6168	0.86836	1.4079
0.80931	0.92831	1.5053	1.4645	2.0172	1.4	1.1656	0.8326
1.0143	0.91581	0.40412	1.4213	0.86331	0.81763	0.94262	1.1529
0.83288	0.95124	5.2207	0.69711	1.7392	1.0706	0.97834	0.9138
1.0447	0.91326	2.5944	1.1968	1.1162	0.93056	0.91079	0.97876
0.74411	0.95824	2.6246	1.2903	2.0165	1.2351	1.1047	0.89445
1.0999	0.94018	1.9188	1.5734	1.1772	1	1.0888	1.0888
0.7018	0.95705	2.6105	1.3861	0.80677	0.69184	0.80351	1.1614
0.79424	0.94247	4.924	-0.085483	1.107	1.2969	1.0145	0.78224
